round,seed,slot,agent,code,survived,round_steps,score,coins,kills,suicides,crates,bombs,moves,invalid,steps,time,think_mean_ms,think_max_ms,think_over_limit,died,killed_by_opponent,rank,won
0,550731,0,benedict_task4,benedict_task4,0,347,0,0,0,1,25,9,47,1,66,0.003152608871459961,0.0478,0.1712,0,1,0,4,0
0,550731,1,rule_based_agent_0,rule_based_agent,0,347,1,1,0,0,35,12,95,5,112,0.039377450942993164,0.3516,0.9427,0,1,1,3,0
0,550731,2,rule_based_agent_1,rule_based_agent,1,347,3,3,0,0,36,32,300,11,347,0.14832758903503418,0.4275,1.971,0,0,0,2,0
0,550731,3,rule_based_agent_2,rule_based_agent,0,347,10,5,1,1,31,31,305,7,343,0.15485620498657227,0.4515,2.9712,0,1,0,1,1
1,550732,0,benedict_task4,benedict_task4,0,400,5,5,0,1,42,22,159,4,208,0.009603023529052734,0.0462,0.2971,0,1,0,1,1
1,550732,1,rule_based_agent_0,rule_based_agent,0,400,1,1,0,0,28,8,65,4,77,0.022994279861450195,0.2986,1.1458,0,1,1,4,0
1,550732,2,rule_based_agent_1,rule_based_agent,1,400,3,3,0,0,30,25,369,6,400,0.244887113571167,0.6122,1.965,0,0,0,3,0
1,550732,3,rule_based_agent_2,rule_based_agent,1,400,5,0,1,0,25,27,366,7,400,0.24499821662902832,0.6125,1.9283,0,0,0,1,1
2,550733,0,benedict_task4,benedict_task4,0,400,3,3,0,0,28,15,102,1,132,0.004637241363525391,0.0351,0.205,0,1,1,2,0
2,550733,1,rule_based_agent_0,rule_based_agent,1,400,1,1,0,0,30,39,355,6,400,0.1696474552154541,0.4241,3.7198,0,0,0,3,0
2,550733,2,rule_based_agent_1,rule_based_agent,1,400,8,3,1,0,32,39,346,15,400,0.16371655464172363,0.4093,2.249,0,0,0,1,1
2,550733,3,rule_based_agent_2,rule_based_agent,0,400,1,1,0,1,31,7,58,2,67,0.016170501708984375,0.2414,0.8981,0,1,0,3,0
3,550734,0,benedict_task4,benedict_task4,0,369,2,2,0,1,39,42,290,6,365,0.029906272888183594,0.0819,0.5519,0,1,0,3,0
3,550734,1,rule_based_agent_0,rule_based_agent,0,369,2,2,0,0,25,7,55,2,64,0.01642155647277832,0.2566,0.4959,0,1,1,3,0
3,550734,2,rule_based_agent_1,rule_based_agent,1,369,3,3,0,0,44,32,321,5,369,0.17362546920776367,0.4705,1.9712,0,0,0,2,0
3,550734,3,rule_based_agent_2,rule_based_agent,0,369,7,2,1,1,25,15,131,6,152,0.05713844299316406,0.3759,1.4961,0,1,0,1,1
4,550735,0,benedict_task4,benedict_task4,0,253,3,3,0,1,39,28,187,6,249,0.011961698532104492,0.048,0.4768,0,1,0,2,0
4,550735,1,rule_based_agent_0,rule_based_agent,1,253,2,2,0,0,30,16,229,3,253,0.1027073860168457,0.406,1.997,0,0,0,3,0
4,550735,2,rule_based_agent_1,rule_based_agent,0,253,2,2,0,1,23,8,65,5,78,0.02163076400756836,0.2773,2.1689,0,1,0,3,0
4,550735,3,rule_based_agent_2,rule_based_agent,0,253,7,2,1,1,30,8,67,3,78,0.021282196044921875,0.2728,0.715,0,1,0,1,1
5,550736,0,benedict_task4,benedict_task4,0,320,6,1,1,1,36,35,255,5,316,0.037039995193481445,0.1172,0.5524,0,1,0,1,1
5,550736,1,rule_based_agent_0,rule_based_agent,1,320,3,3,0,0,31,22,275,14,320,0.1805870532989502,0.5643,2.0599,0,0,0,3,0
5,550736,2,rule_based_agent_1,rule_based_agent,0,320,4,4,0,1,30,13,114,4,131,0.04466819763183594,0.341,2.0061,0,1,0,2,0
5,550736,3,rule_based_agent_2,rule_based_agent,0,320,1,1,0,1,35,22,220,9,252,0.1467609405517578,0.5824,1.8799,0,1,0,4,0
6,550737,0,benedict_task4,benedict_task4,0,400,2,2,0,1,36,19,125,0,157,0.004937410354614258,0.0314,0.1569,0,1,0,2,0
6,550737,1,rule_based_agent_0,rule_based_agent,1,400,4,4,0,0,31,35,356,9,400,0.20682072639465332,0.5171,2.2109,0,0,0,1,1
6,550737,2,rule_based_agent_1,rule_based_agent,1,400,2,2,0,0,33,33,365,2,400,0.21232080459594727,0.5308,2.0969,0,0,0,2,0
6,550737,3,rule_based_agent_2,rule_based_agent,0,400,1,1,0,1,17,10,130,3,143,0.06833195686340332,0.4778,1.8864,0,1,0,4,0
7,550738,0,benedict_task4,benedict_task4,1,198,11,6,1,0,42,22,153,0,198,0.005279064178466797,0.0267,0.1009,0,0,0,1,1
7,550738,1,rule_based_agent_0,rule_based_agent,0,198,0,0,0,1,16,11,102,5,118,0.036757707595825195,0.3115,1.7369,0,1,0,4,0
7,550738,2,rule_based_agent_1,rule_based_agent,0,198,1,1,0,0,40,15,149,6,170,0.0728752613067627,0.4287,2.207,0,1,1,3,0
7,550738,3,rule_based_agent_2,rule_based_agent,0,198,2,2,0,1,39,16,151,2,169,0.05805683135986328,0.3435,1.899,0,1,0,2,0
8,550739,0,benedict_task4,benedict_task4,0,400,0,0,0,1,16,8,40,1,60,0.002081155776977539,0.0347,0.124,0,1,0,4,0
8,550739,1,rule_based_agent_0,rule_based_agent,0,400,9,4,1,1,32,18,167,8,193,0.07196879386901855,0.3729,1.971,0,1,0,1,1
8,550739,2,rule_based_agent_1,rule_based_agent,1,400,2,2,0,0,33,34,350,16,400,0.20907235145568848,0.5227,2.2299,0,0,0,3,0
8,550739,3,rule_based_agent_2,rule_based_agent,1,400,3,3,0,0,31,36,356,8,400,0.1848750114440918,0.4622,2.641,0,0,0,2,0
9,550740,0,benedict_task4,benedict_task4,0,400,1,1,0,1,19,11,70,2,90,0.0037145614624023438,0.0413,0.1719,0,1,0,4,0
9,550740,1,rule_based_agent_0,rule_based_agent,1,400,8,3,1,0,30,39,352,9,400,0.21808266639709473,0.5452,2.1601,0,0,0,1,1
9,550740,2,rule_based_agent_1,rule_based_agent,0,400,3,3,0,0,40,17,155,4,176,0.05948758125305176,0.338,1.611,0,1,1,2,0
9,550740,3,rule_based_agent_2,rule_based_agent,1,400,2,2,0,0,29,38,355,7,400,0.17652463912963867,0.4413,2.1718,0,0,0,3,0
10,550741,0,benedict_task4,benedict_task4,1,400,3,3,0,0,35,50,287,34,400,0.0345606803894043,0.0864,0.4621,0,0,0,1,1
10,550741,1,rule_based_agent_0,rule_based_agent,0,400,1,1,0,1,34,11,84,4,99,0.02670741081237793,0.2698,0.9003,0,1,0,4,0
10,550741,2,rule_based_agent_1,rule_based_agent,0,400,2,2,0,1,26,15,225,5,246,0.10625529289245605,0.4319,1.9939,0,1,0,3,0
10,550741,3,rule_based_agent_2,rule_based_agent,0,400,3,3,0,1,26,9,85,1,95,0.025058507919311523,0.2638,0.843,0,1,0,1,1
11,550742,0,benedict_task4,benedict_task4,0,335,5,5,0,1,41,37,264,4,327,0.03226876258850098,0.0987,0.6299,0,1,0,1,1
11,550742,1,rule_based_agent_0,rule_based_agent,0,335,2,2,0,1,37,22,247,5,274,0.14797067642211914,0.54,1.9362,0,1,0,2,0
11,550742,2,rule_based_agent_1,rule_based_agent,1,335,2,2,0,0,31,27,289,11,335,0.16721630096435547,0.4992,1.9419,0,0,0,2,0
11,550742,3,rule_based_agent_2,rule_based_agent,0,335,0,0,0,1,17,5,37,2,44,0.012057781219482422,0.274,0.567,0,1,0,4,0
12,550743,0,benedict_task4,benedict_task4,1,400,4,4,0,0,54,47,320,9,400,0.03455996513366699,0.0864,0.5882,0,0,0,1,1
12,550743,1,rule_based_agent_0,rule_based_agent,0,400,0,0,0,1,24,7,45,3,55,0.013015031814575195,0.2366,0.8481,0,1,0,4,0
12,550743,2,rule_based_agent_1,rule_based_agent,1,400,2,2,0,0,33,29,355,7,400,0.19728374481201172,0.4932,1.919,0,0,0,3,0
12,550743,3,rule_based_agent_2,rule_based_agent,0,400,3,3,0,1,20,8,99,3,110,0.03810405731201172,0.3464,2.1489,0,1,0,2,0
13,550744,0,benedict_task4,benedict_task4,0,400,5,5,0,1,44,40,316,7,395,0.047420501708984375,0.1201,0.587,0,1,0,2,0
13,550744,1,rule_based_agent_0,rule_based_agent,0,400,0,0,0,1,28,9,81,8,98,0.030579090118408203,0.312,0.9358,0,1,0,4,0
13,550744,2,rule_based_agent_1,rule_based_agent,1,400,1,1,0,0,29,33,342,24,400,0.20815467834472656,0.5204,1.8802,0,0,0,3,0
13,550744,3,rule_based_agent_2,rule_based_agent,1,400,13,3,2,0,30,37,347,15,400,0.20666098594665527,0.5167,2.1522,0,0,0,1,1
14,550745,0,benedict_task4,benedict_task4,0,365,4,4,0,1,39,40,286,3,357,0.02752828598022461,0.0771,0.483,0,1,0,1,1
14,550745,1,rule_based_agent_0,rule_based_agent,0,365,2,2,0,1,16,4,36,1,41,0.010298967361450195,0.2512,0.576,0,1,0,3,0
14,550745,2,rule_based_agent_1,rule_based_agent,0,365,3,3,0,1,34,10,107,6,123,0.041945457458496094,0.341,1.698,0,1,0,2,0
14,550745,3,rule_based_agent_2,rule_based_agent,1,365,0,0,0,0,19,22,331,3,365,0.17141127586364746,0.4696,1.9081,0,0,0,4,0
15,550746,0,benedict_task4,benedict_task4,0,193,1,1,0,1,20,7,40,0,54,0.002055644989013672,0.0381,0.1841,0,1,0,4,0
15,550746,1,rule_based_agent_0,rule_based_agent,0,193,2,2,0,1,21,7,59,4,70,0.018962621688842773,0.2709,0.7081,0,1,0,3,0
15,550746,2,rule_based_agent_1,rule_based_agent,0,193,3,3,0,0,35,9,99,2,110,0.05014228820800781,0.4558,2.1319,0,1,1,2,0
15,550746,3,rule_based_agent_2,rule_based_agent,1,193,8,3,1,0,40,18,170,1,193,0.1107022762298584,0.5736,2.0101,0,0,0,1,1
16,550747,0,benedict_task4,benedict_task4,1,400,3,3,0,0,39,47,322,7,400,0.050354719161987305,0.1259,0.546,0,0,0,3,0
16,550747,1,rule_based_agent_0,rule_based_agent,1,400,6,1,1,0,18,27,351,13,400,0.23877596855163574,0.5969,1.929,0,0,0,1,1
16,550747,2,rule_based_agent_1,rule_based_agent,0,400,1,1,0,1,30,11,115,2,128,0.041745662689208984,0.3261,1.02,0,1,0,4,0
16,550747,3,rule_based_agent_2,rule_based_agent,0,400,4,4,0,1,31,20,199,12,232,0.11727094650268555,0.5055,1.8351,0,1,0,2,0
17,550748,0,benedict_task4,benedict_task4,1,400,5,5,0,0,43,47,314,8,400,0.037845611572265625,0.0946,0.5832,0,0,0,2,0
17,550748,1,rule_based_agent_0,rule_based_agent,0,400,1,1,0,1,28,14,137,6,157,0.06383967399597168,0.4066,2.0239,0,1,0,3,0
17,550748,2,rule_based_agent_1,rule_based_agent,0,400,0,0,0,1,18,6,52,1,59,0.0187530517578125,0.3178,0.9792,0,1,0,4,0
17,550748,3,rule_based_agent_2,rule_based_agent,1,400,8,3,1,0,31,29,349,10,400,0.19498896598815918,0.4875,1.8311,0,0,0,1,1
18,550749,0,benedict_task4,benedict_task4,0,257,3,3,0,1,31,19,134,8,178,0.008015155792236328,0.045,0.248,0,1,0,2,0
18,550749,1,rule_based_agent_0,rule_based_agent,0,257,0,0,0,1,30,10,79,1,90,0.025402545928955078,0.2823,0.6759,0,1,0,4,0
18,550749,2,rule_based_agent_1,rule_based_agent,1,257,4,4,0,0,39,20,232,1,257,0.12935113906860352,0.5033,1.9739,0,0,0,1,1
18,550749,3,rule_based_agent_2,rule_based_agent,0,257,2,2,0,1,21,11,125,8,144,0.04885721206665039,0.3393,1.1241,0,1,0,3,0
19,550750,0,benedict_task4,benedict_task4,0,235,2,2,0,1,21,13,92,1,115,0.005156755447387695,0.0448,0.174,0,1,0,2,0
19,550750,1,rule_based_agent_0,rule_based_agent,0,235,2,2,0,1,26,6,45,4,55,0.012705802917480469,0.231,0.7901,0,1,0,2,0
19,550750,2,rule_based_agent_1,rule_based_agent,0,235,2,2,0,1,32,10,85,5,100,0.026413679122924805,0.2641,1.8592,0,1,0,2,0
19,550750,3,rule_based_agent_2,rule_based_agent,1,235,3,3,0,0,39,17,212,2,235,0.14298510551452637,0.6084,2.069,0,0,0,1,1
20,550751,0,benedict_task4,benedict_task4,1,400,4,4,0,0,50,44,325,4,400,0.038210153579711914,0.0955,0.5188,0,0,0,1,1
20,550751,1,rule_based_agent_0,rule_based_agent,0,400,1,1,0,1,30,30,288,12,331,0.14070844650268555,0.4251,2.0602,0,1,0,3,0
20,550751,2,rule_based_agent_1,rule_based_agent,0,400,3,3,0,1,26,9,76,7,92,0.019257307052612305,0.2093,0.5679,0,1,0,2,0
20,550751,3,rule_based_agent_2,rule_based_agent,1,400,1,1,0,0,25,34,356,7,400,0.18434405326843262,0.4609,1.92,0,0,0,3,0
21,550752,0,benedict_task4,benedict_task4,0,337,2,2,0,0,17,10,80,1,99,0.0036568641662597656,0.0369,0.2112,0,1,1,2,0
21,550752,1,rule_based_agent_0,rule_based_agent,1,337,2,2,0,0,42,32,296,5,337,0.17049551010131836,0.5059,2.039,0,0,0,2,0
21,550752,2,rule_based_agent_1,rule_based_agent,0,337,9,4,1,1,26,27,263,10,300,0.15331101417541504,0.511,2.0931,0,1,0,1,1
21,550752,3,rule_based_agent_2,rule_based_agent,0,337,1,1,0,1,37,11,84,2,97,0.025232315063476562,0.2601,0.7691,0,1,0,4,0
22,550753,0,benedict_task4,benedict_task4,0,293,1,1,0,0,27,16,127,1,154,0.01017618179321289,0.0661,0.284,0,1,1,4,0
22,550753,1,rule_based_agent_0,rule_based_agent,0,293,2,2,0,1,27,20,227,9,256,0.09514594078063965,0.3717,2.002,0,1,0,2,0
22,550753,2,rule_based_agent_1,rule_based_agent,1,293,9,4,1,0,46,25,254,10,293,0.11888575553894043,0.4058,2.0869,0,0,0,1,1
22,550753,3,rule_based_agent_2,rule_based_agent,0,293,2,2,0,1,20,7,49,4,60,0.012340545654296875,0.2057,0.4449,0,1,0,2,0
23,550754,0,benedict_task4,benedict_task4,1,400,4,4,0,0,34,48,301,21,400,0.04561257362365723,0.114,0.5491,0,0,0,2,0
23,550754,1,rule_based_agent_0,rule_based_agent,0,400,3,3,0,0,31,16,127,5,148,0.04637742042541504,0.3134,1.622,0,1,1,3,0
23,550754,2,rule_based_agent_1,rule_based_agent,0,400,7,2,1,1,26,23,281,9,320,0.1761324405670166,0.5504,2.284,0,1,0,1,1
23,550754,3,rule_based_agent_2,rule_based_agent,0,400,0,0,0,1,28,24,199,14,237,0.12833523750305176,0.5415,1.8909,0,1,0,4,0
24,550755,0,benedict_task4,benedict_task4,1,400,3,3,0,0,43,48,316,12,400,0.03653287887573242,0.0913,0.4821,0,0,0,2,0
24,550755,1,rule_based_agent_0,rule_based_agent,1,400,4,4,0,0,39,25,361,7,400,0.20020389556884766,0.5005,1.8151,0,0,0,1,1
24,550755,2,rule_based_agent_1,rule_based_agent,0,400,1,1,0,1,28,8,68,3,79,0.02136969566345215,0.2705,0.6621,0,1,0,3,0
24,550755,3,rule_based_agent_2,rule_based_agent,0,400,1,1,0,1,22,6,43,4,53,0.012357711791992188,0.2332,0.597,0,1,0,3,0
25,550756,0,benedict_task4,benedict_task4,0,303,2,2,0,1,26,35,234,9,299,0.030735254287719727,0.1028,0.509,0,1,0,2,0
25,550756,1,rule_based_agent_0,rule_based_agent,1,303,2,2,0,0,20,22,267,2,303,0.15920019149780273,0.5254,1.8997,0,0,0,2,0
25,550756,2,rule_based_agent_1,rule_based_agent,0,303,2,2,0,1,32,11,109,6,126,0.06018567085266113,0.4777,1.8947,0,1,0,2,0
25,550756,3,rule_based_agent_2,rule_based_agent,0,303,3,3,0,1,38,13,108,3,124,0.04548239707946777,0.3668,1.8249,0,1,0,1,1
26,550757,0,benedict_task4,benedict_task4,0,400,3,3,0,0,39,20,131,4,173,0.005836009979248047,0.0337,0.201,0,1,1,2,0
26,550757,1,rule_based_agent_0,rule_based_agent,1,400,1,1,0,0,35,38,354,8,400,0.2002410888671875,0.5006,3.1259,0,0,0,3,0
26,550757,2,rule_based_agent_1,rule_based_agent,1,400,9,4,1,0,37,39,353,8,400,0.2048654556274414,0.5122,2.3639,0,0,0,1,1
26,550757,3,rule_based_agent_2,rule_based_agent,0,400,1,1,0,1,19,8,76,4,88,0.022318601608276367,0.2536,1.122,0,1,0,3,0
27,550758,0,benedict_task4,benedict_task4,0,400,3,3,0,1,28,28,226,8,285,0.022637367248535156,0.0794,0.5262,0,1,0,1,1
27,550758,1,rule_based_agent_0,rule_based_agent,0,400,3,3,0,1,42,16,133,7,156,0.044446706771850586,0.2849,0.989,0,1,0,1,1
27,550758,2,rule_based_agent_1,rule_based_agent,1,400,3,3,0,0,28,27,358,14,400,0.2607853412628174,0.652,2.073,0,0,0,1,1
27,550758,3,rule_based_agent_2,rule_based_agent,1,400,0,0,0,0,23,27,359,14,400,0.2660238742828369,0.6651,1.9982,0,0,0,4,0
28,550759,0,benedict_task4,benedict_task4,0,400,2,2,0,1,24,15,116,7,146,0.006430149078369141,0.044,0.248,0,1,0,3,0
28,550759,1,rule_based_agent_0,rule_based_agent,0,400,3,3,0,1,28,12,95,8,115,0.02945089340209961,0.2561,0.8979,0,1,0,2,0
28,550759,2,rule_based_agent_1,rule_based_agent,1,400,0,0,0,0,32,23,366,10,400,0.26673054695129395,0.6668,2.0564,0,0,0,4,0
28,550759,3,rule_based_agent_2,rule_based_agent,1,400,4,4,0,0,38,21,373,5,400,0.2751922607421875,0.688,1.873,0,0,0,1,1
29,550760,0,benedict_task4,benedict_task4,1,400,2,2,0,0,39,49,309,11,400,0.04291701316833496,0.1073,0.5476,0,0,0,3,0
29,550760,1,rule_based_agent_0,rule_based_agent,0,400,4,4,0,1,37,14,123,8,145,0.056375980377197266,0.3888,2.1758,0,1,0,1,1
29,550760,2,rule_based_agent_1,rule_based_agent,1,400,0,0,0,0,20,27,355,7,400,0.20382452011108398,0.5096,2.1441,0,0,0,4,0
29,550760,3,rule_based_agent_2,rule_based_agent,0,400,3,3,0,1,27,11,87,8,106,0.03669238090515137,0.3462,1.9851,0,1,0,2,0
30,550761,0,benedict_task4,benedict_task4,0,400,4,4,0,1,26,9,65,1,83,0.0033876895904541016,0.0408,0.2081,0,1,0,2,0
30,550761,1,rule_based_agent_0,rule_based_agent,0,400,1,1,0,0,27,13,113,6,132,0.05475354194641113,0.4148,1.982,0,1,1,3,0
30,550761,2,rule_based_agent_1,rule_based_agent,1,400,1,1,0,0,28,31,358,11,400,0.24613595008850098,0.6153,2.1212,0,0,0,3,0
30,550761,3,rule_based_agent_2,rule_based_agent,1,400,8,3,1,0,34,33,357,10,400,0.20241713523864746,0.506,2.1291,0,0,0,1,1
31,550762,0,benedict_task4,benedict_task4,1,400,8,3,1,0,27,43,326,7,400,0.050096988677978516,0.1252,0.493,0,0,0,1,1
31,550762,1,rule_based_agent_0,rule_based_agent,0,400,1,1,0,1,28,15,137,11,163,0.07006645202636719,0.4299,1.96,0,1,0,3,0
31,550762,2,rule_based_agent_1,rule_based_agent,0,400,1,1,0,1,32,23,181,17,221,0.10338163375854492,0.4678,2.136,0,1,0,3,0
31,550762,3,rule_based_agent_2,rule_based_agent,1,400,4,4,0,0,27,35,344,12,400,0.22820782661437988,0.5705,2.008,0,0,0,2,0
32,550763,0,benedict_task4,benedict_task4,0,400,5,5,0,1,34,20,169,2,208,0.013655662536621094,0.0657,0.463,0,1,0,1,1
32,550763,1,rule_based_agent_0,rule_based_agent,0,400,0,0,0,1,26,7,59,4,70,0.02076101303100586,0.2966,0.7029,0,1,0,3,0
32,550763,2,rule_based_agent_1,rule_based_agent,1,400,0,0,0,0,29,24,373,3,400,0.2810697555541992,0.7027,2.0242,0,0,0,3,0
32,550763,3,rule_based_agent_2,rule_based_agent,1,400,4,4,0,0,27,22,372,6,400,0.2681427001953125,0.6704,1.9159,0,0,0,2,0
33,550764,0,benedict_task4,benedict_task4,0,210,6,6,0,1,40,19,142,3,181,0.0056912899017333984,0.0314,0.1471,0,1,0,1,1
33,550764,1,rule_based_agent_0,rule_based_agent,0,210,1,1,0,1,28,8,63,4,75,0.02008342742919922,0.2678,0.7341,0,1,0,3,0
33,550764,2,rule_based_agent_1,rule_based_agent,1,210,2,2,0,0,39,14,190,2,210,0.09726715087890625,0.4632,1.93,0,0,0,2,0
33,550764,3,rule_based_agent_2,rule_based_agent,0,210,0,0,0,1,28,8,79,4,91,0.033799171447753906,0.3714,2.0421,0,1,0,4,0
34,550765,0,benedict_task4,benedict_task4,0,351,8,3,1,1,28,42,264,10,343,0.03634381294250488,0.106,0.612,0,1,0,1,1
34,550765,1,rule_based_agent_0,rule_based_agent,1,351,3,3,0,0,32,26,301,10,351,0.19888997077941895,0.5666,1.93,0,0,0,2,0
34,550765,2,rule_based_agent_1,rule_based_agent,0,351,3,3,0,1,37,16,125,6,147,0.05196332931518555,0.3535,2.0719,0,1,0,2,0
34,550765,3,rule_based_agent_2,rule_based_agent,0,351,0,0,0,1,20,16,135,10,161,0.06797313690185547,0.4222,1.9448,0,1,0,4,0
35,550766,0,benedict_task4,benedict_task4,0,243,1,1,0,1,31,26,189,2,239,0.021282434463500977,0.089,0.6499,0,1,0,4,0
35,550766,1,rule_based_agent_0,rule_based_agent,0,243,4,4,0,1,29,18,171,9,198,0.0794057846069336,0.401,2.033,0,1,0,3,0
35,550766,2,rule_based_agent_1,rule_based_agent,0,243,8,3,1,1,35,20,195,10,225,0.11958956718444824,0.5315,1.9219,0,1,0,1,1
35,550766,3,rule_based_agent_2,rule_based_agent,1,243,6,1,1,0,28,22,207,6,243,0.11089825630187988,0.4564,1.8983,0,0,0,2,0
36,550767,0,benedict_task4,benedict_task4,1,400,3,3,0,0,36,43,330,3,400,0.04660606384277344,0.1165,0.5939,0,0,0,2,0
36,550767,1,rule_based_agent_0,rule_based_agent,0,400,6,1,1,1,30,40,308,22,371,0.1987309455871582,0.5357,2.2039,0,1,0,1,1
36,550767,2,rule_based_agent_1,rule_based_agent,0,400,3,3,0,1,23,9,71,4,84,0.023750782012939453,0.2827,1.0481,0,1,0,2,0
36,550767,3,rule_based_agent_2,rule_based_agent,1,400,2,2,0,0,35,41,346,11,400,0.24304723739624023,0.6076,2.0928,0,0,0,4,0
37,550768,0,benedict_task4,benedict_task4,0,203,4,4,0,1,37,21,158,4,199,0.010071992874145508,0.0506,0.4039,0,1,0,2,0
37,550768,1,rule_based_agent_0,rule_based_agent,0,203,1,1,0,1,31,14,141,9,164,0.06826257705688477,0.4162,1.9531,0,1,0,3,0
37,550768,2,rule_based_agent_1,rule_based_agent,0,203,1,1,0,1,34,16,141,5,162,0.05266857147216797,0.3251,1.7819,0,1,0,3,0
37,550768,3,rule_based_agent_2,rule_based_agent,1,203,8,3,1,0,31,15,181,3,203,0.06595110893249512,0.3249,1.858,0,0,0,1,1
38,550769,0,benedict_task4,benedict_task4,0,213,8,3,1,1,35,19,147,1,180,0.007852792739868164,0.0436,0.227,0,1,0,1,1
38,550769,1,rule_based_agent_0,rule_based_agent,0,213,1,1,0,0,23,8,54,1,63,0.015402555465698242,0.2445,0.6502,0,1,1,3,0
38,550769,2,rule_based_agent_1,rule_based_agent,1,213,4,4,0,0,43,15,190,4,213,0.10042166709899902,0.4715,1.9579,0,0,0,2,0
38,550769,3,rule_based_agent_2,rule_based_agent,0,213,1,1,0,1,26,9,87,5,101,0.03241109848022461,0.3209,1.21,0,1,0,3,0
39,550770,0,benedict_task4,benedict_task4,1,400,1,1,0,0,28,43,326,10,400,0.04938483238220215,0.1235,0.536,0,0,0,3,0
39,550770,1,rule_based_agent_0,rule_based_agent,0,400,3,3,0,1,33,31,313,21,365,0.18731045722961426,0.5132,1.9038,0,1,0,2,0
39,550770,2,rule_based_agent_1,rule_based_agent,1,400,5,5,0,0,28,33,352,10,400,0.1922769546508789,0.4807,1.8752,0,0,0,1,1
39,550770,3,rule_based_agent_2,rule_based_agent,0,400,0,0,0,1,30,15,127,9,151,0.05527997016906738,0.3661,1.8361,0,1,0,4,0
40,550771,0,benedict_task4,benedict_task4,0,400,3,3,0,1,24,19,136,3,170,0.007989883422851562,0.047,0.2649,0,1,0,1,1
40,550771,1,rule_based_agent_0,rule_based_agent,1,400,3,3,0,0,43,29,362,8,400,0.24434423446655273,0.6109,1.9569,0,0,0,1,1
40,550771,2,rule_based_agent_1,rule_based_agent,0,400,2,2,0,1,33,22,211,10,243,0.1036527156829834,0.4266,2.0468,0,1,0,3,0
40,550771,3,rule_based_agent_2,rule_based_agent,1,400,1,1,0,0,32,32,351,16,400,0.2705864906311035,0.6765,2.1379,0,0,0,4,0
41,550772,0,benedict_task4,benedict_task4,0,272,3,3,0,1,38,20,138,2,175,0.006146669387817383,0.0351,0.1688,0,1,0,2,0
41,550772,1,rule_based_agent_0,rule_based_agent,0,272,4,4,0,1,38,25,229,13,268,0.10971856117248535,0.4094,1.8251,0,1,0,1,1
41,550772,2,rule_based_agent_1,rule_based_agent,0,272,2,2,0,1,28,16,187,5,208,0.08423280715942383,0.405,1.8132,0,1,0,3,0
41,550772,3,rule_based_agent_2,rule_based_agent,1,272,0,0,0,0,20,24,241,3,272,0.12653565406799316,0.4652,2.0649,0,0,0,4,0
42,550773,0,benedict_task4,benedict_task4,0,343,1,1,0,1,33,41,264,8,335,0.027018308639526367,0.0807,0.5381,0,1,0,3,0
42,550773,1,rule_based_agent_0,rule_based_agent,0,343,3,3,0,1,34,11,92,8,111,0.03358316421508789,0.3026,1.137,0,1,0,2,0
42,550773,2,rule_based_agent_1,rule_based_agent,0,343,1,1,0,1,27,10,84,4,98,0.0247342586517334,0.2524,0.994,0,1,0,3,0
42,550773,3,rule_based_agent_2,rule_based_agent,1,343,4,4,0,0,31,24,303,2,343,0.14655160903930664,0.4273,1.7989,0,0,0,1,1
43,550774,0,benedict_task4,benedict_task4,1,400,3,3,0,0,30,48,309,6,400,0.039467573165893555,0.0987,0.499,0,0,0,1,1
43,550774,1,rule_based_agent_0,rule_based_agent,0,400,2,2,0,1,31,11,92,4,107,0.024888992309570312,0.2326,1.2727,0,1,0,3,0
43,550774,2,rule_based_agent_1,rule_based_agent,1,400,3,3,0,0,30,28,354,7,400,0.20943760871887207,0.5236,2.0189,0,0,0,1,1
43,550774,3,rule_based_agent_2,rule_based_agent,0,400,1,1,0,1,29,15,185,7,207,0.07414507865905762,0.3582,1.9991,0,1,0,4,0
44,550775,0,benedict_task4,benedict_task4,0,364,2,2,0,1,30,42,293,5,360,0.025782346725463867,0.0716,0.386,0,1,0,2,0
44,550775,1,rule_based_agent_0,rule_based_agent,1,364,5,5,0,0,35,31,321,6,364,0.15340471267700195,0.4214,1.9341,0,0,0,1,1
44,550775,2,rule_based_agent_1,rule_based_agent,0,364,0,0,0,1,15,6,42,3,51,0.011919498443603516,0.2337,0.6351,0,1,0,4,0
44,550775,3,rule_based_agent_2,rule_based_agent,0,364,2,2,0,1,36,30,281,12,323,0.14364957809448242,0.4447,2.0101,0,1,0,2,0
45,550776,0,benedict_task4,benedict_task4,1,400,0,0,0,0,25,47,322,6,400,0.0424649715423584,0.1062,0.5159,0,0,0,3,0
45,550776,1,rule_based_agent_0,rule_based_agent,0,400,3,3,0,1,27,17,199,6,222,0.10036134719848633,0.4521,1.9448,0,1,0,2,0
45,550776,2,rule_based_agent_1,rule_based_agent,1,400,11,6,1,0,48,34,344,13,400,0.1955556869506836,0.4889,2.8181,0,0,0,1,1
45,550776,3,rule_based_agent_2,rule_based_agent,0,400,0,0,0,1,24,8,80,5,93,0.028369665145874023,0.3051,1.1721,0,1,0,3,0
46,550777,0,benedict_task4,benedict_task4,0,196,1,1,0,1,25,9,61,1,81,0.0035848617553710938,0.0443,0.1822,0,1,0,4,0
46,550777,1,rule_based_agent_0,rule_based_agent,0,196,6,6,0,1,23,9,83,6,98,0.026189088821411133,0.2672,0.8278,0,1,0,1,1
46,550777,2,rule_based_agent_1,rule_based_agent,0,196,5,0,1,1,32,10,97,2,109,0.03648710250854492,0.3347,1.6551,0,1,0,2,0
46,550777,3,rule_based_agent_2,rule_based_agent,1,196,2,2,0,0,39,16,174,2,196,0.11502528190612793,0.5869,1.96,0,0,0,3,0
47,550778,0,benedict_task4,benedict_task4,0,221,2,2,0,1,41,24,170,3,217,0.01666116714477539,0.0768,0.6382,0,1,0,2,0
47,550778,1,rule_based_agent_0,rule_based_agent,1,221,1,1,0,0,29,19,191,6,221,0.07690167427062988,0.348,1.7753,0,0,0,3,0
47,550778,2,rule_based_agent_1,rule_based_agent,0,221,5,5,0,1,29,18,177,7,202,0.07927274703979492,0.3924,1.9493,0,1,0,1,1
47,550778,3,rule_based_agent_2,rule_based_agent,0,221,1,1,0,1,22,8,55,4,67,0.022342681884765625,0.3335,1.1001,0,1,0,3,0
48,550779,0,benedict_task4,benedict_task4,0,400,3,3,0,1,23,12,96,1,118,0.003878355026245117,0.0329,0.1009,0,1,0,2,0
48,550779,1,rule_based_agent_0,rule_based_agent,1,400,2,2,0,0,50,40,353,5,400,0.17232465744018555,0.4308,2.0919,0,0,0,3,0
48,550779,2,rule_based_agent_1,rule_based_agent,1,400,4,4,0,0,33,36,350,11,400,0.2118241786956787,0.5296,2.2368,0,0,0,1,1
48,550779,3,rule_based_agent_2,rule_based_agent,0,400,0,0,0,1,24,8,77,3,88,0.03370857238769531,0.3831,1.6162,0,1,0,4,0
49,550780,0,benedict_task4,benedict_task4,1,400,7,2,1,0,52,47,309,8,400,0.027452945709228516,0.0686,0.5281,0,0,0,1,1
49,550780,1,rule_based_agent_0,rule_based_agent,1,400,7,2,1,0,38,23,363,7,400,0.19887471199035645,0.4972,2.434,0,0,0,1,1
49,550780,2,rule_based_agent_1,rule_based_agent,0,400,2,2,0,1,18,7,61,5,73,0.018423795700073242,0.2524,0.7732,0,1,0,4,0
49,550780,3,rule_based_agent_2,rule_based_agent,0,400,3,3,0,0,23,12,137,4,153,0.056713104248046875,0.3707,2.2781,0,1,1,3,0
50,550781,0,benedict_task4,benedict_task4,0,360,5,5,0,1,26,38,286,9,356,0.04089832305908203,0.1149,0.633,0,1,0,2,0
50,550781,1,rule_based_agent_0,rule_based_agent,0,360,1,1,0,0,36,10,78,3,91,0.02412700653076172,0.2651,0.809,0,1,1,3,0
50,550781,2,rule_based_agent_1,rule_based_agent,1,360,7,2,1,0,27,31,305,16,360,0.1976630687713623,0.5491,2.007,0,0,0,1,1
50,550781,3,rule_based_agent_2,rule_based_agent,0,360,1,1,0,1,27,30,236,24,290,0.1677536964416504,0.5785,1.9979,0,1,0,3,0
51,550782,0,benedict_task4,benedict_task4,0,400,1,1,0,0,17,10,75,3,96,0.0035424232482910156,0.0369,0.107,0,1,1,3,0
51,550782,1,rule_based_agent_0,rule_based_agent,0,400,8,3,1,1,35,21,203,13,237,0.1140751838684082,0.4813,2.111,0,1,0,1,1
51,550782,2,rule_based_agent_1,rule_based_agent,1,400,2,2,0,0,24,32,353,15,400,0.21756792068481445,0.5439,2.1718,0,0,0,2,0
51,550782,3,rule_based_agent_2,rule_based_agent,1,400,1,1,0,0,32,34,354,12,400,0.23754048347473145,0.5939,2.14,0,0,0,3,0
52,550783,0,benedict_task4,benedict_task4,0,329,3,3,0,1,32,37,254,5,321,0.027583599090576172,0.0859,0.5219,0,1,0,1,1
52,550783,1,rule_based_agent_0,rule_based_agent,0,329,2,2,0,1,23,7,61,3,71,0.02210545539855957,0.3113,0.783,0,1,0,3,0
52,550783,2,rule_based_agent_1,rule_based_agent,0,329,1,1,0,1,23,13,133,7,153,0.05550980567932129,0.3628,2.337,0,1,0,4,0
52,550783,3,rule_based_agent_2,rule_based_agent,1,329,3,3,0,0,40,24,283,10,329,0.16413021087646484,0.4989,1.8959,0,0,0,1,1
53,550784,0,benedict_task4,benedict_task4,0,400,1,1,0,0,26,11,74,1,97,0.0036094188690185547,0.0372,0.1462,0,1,1,3,0
53,550784,1,rule_based_agent_0,rule_based_agent,0,400,4,4,0,1,32,24,243,14,281,0.1329813003540039,0.4732,2.0223,0,1,0,2,0
53,550784,2,rule_based_agent_1,rule_based_agent,1,400,8,3,1,0,34,32,354,14,400,0.2131366729736328,0.5328,1.9531,0,0,0,1,1
53,550784,3,rule_based_agent_2,rule_based_agent,0,400,1,1,0,1,24,37,333,19,389,0.187241792678833,0.4813,1.94,0,1,0,3,0
54,550785,0,benedict_task4,benedict_task4,0,254,3,3,0,1,31,20,141,1,182,0.007561206817626953,0.0415,0.2038,0,1,0,3,0
54,550785,1,rule_based_agent_0,rule_based_agent,1,254,4,4,0,0,28,22,216,9,254,0.10886836051940918,0.4286,1.822,0,0,0,2,0
54,550785,2,rule_based_agent_1,rule_based_agent,0,254,7,2,1,1,35,26,209,14,250,0.13199877738952637,0.528,1.992,0,1,0,1,1
54,550785,3,rule_based_agent_2,rule_based_agent,0,254,0,0,0,1,31,9,71,4,84,0.022051334381103516,0.2625,0.7901,0,1,0,4,0
55,550786,0,benedict_task4,benedict_task4,0,222,3,3,0,1,36,24,156,5,208,0.01082158088684082,0.052,0.417,0,1,0,2,0
55,550786,1,rule_based_agent_0,rule_based_agent,1,222,2,2,0,0,36,21,187,10,222,0.09744644165039062,0.4389,1.9832,0,0,0,3,0
55,550786,2,rule_based_agent_1,rule_based_agent,0,222,7,2,1,1,22,17,189,11,218,0.10702753067016602,0.491,1.8449,0,1,0,1,1
55,550786,3,rule_based_agent_2,rule_based_agent,0,222,2,2,0,0,35,12,90,3,105,0.025096893310546875,0.239,0.7873,0,1,1,3,0
56,550787,0,benedict_task4,benedict_task4,1,400,3,3,0,0,36,43,319,7,400,0.044492483139038086,0.1112,0.54,0,0,0,1,1
56,550787,1,rule_based_agent_0,rule_based_agent,1,400,3,3,0,0,25,30,350,8,400,0.21280217170715332,0.532,2.003,0,0,0,1,1
56,550787,2,rule_based_agent_1,rule_based_agent,0,400,1,1,0,1,25,21,187,19,227,0.09180045127868652,0.4044,2.0978,0,1,0,4,0
56,550787,3,rule_based_agent_2,rule_based_agent,0,400,2,2,0,1,40,14,129,4,147,0.04212665557861328,0.2866,1.7543,0,1,0,3,0
57,550788,0,benedict_task4,benedict_task4,0,252,1,1,0,1,29,20,160,5,197,0.010257244110107422,0.0521,0.216,0,1,0,4,0
57,550788,1,rule_based_agent_0,rule_based_agent,0,252,3,3,0,1,27,8,72,1,81,0.02025008201599121,0.25,0.5682,0,1,0,3,0
57,550788,2,rule_based_agent_1,rule_based_agent,0,252,6,1,1,1,29,20,167,9,196,0.08219432830810547,0.4194,2.0819,0,1,0,2,0
57,550788,3,rule_based_agent_2,rule_based_agent,1,252,9,4,1,0,39,23,225,4,252,0.12581658363342285,0.4993,2.703,0,0,0,1,1
58,550789,0,benedict_task4,benedict_task4,0,235,3,3,0,0,27,10,68,1,85,0.00304412841796875,0.0358,0.1509,0,1,1,3,0
58,550789,1,rule_based_agent_0,rule_based_agent,0,235,0,0,0,1,25,8,63,1,72,0.021106958389282227,0.2932,1.0121,0,1,0,4,0
58,550789,2,rule_based_agent_1,rule_based_agent,0,235,6,1,1,1,21,9,73,3,85,0.024461030960083008,0.2878,0.788,0,1,0,1,1
58,550789,3,rule_based_agent_2,rule_based_agent,1,235,5,5,0,0,52,19,212,0,235,0.13527822494506836,0.5757,2.1281,0,0,0,2,0
59,550790,0,benedict_task4,benedict_task4,0,386,8,3,1,1,40,46,296,10,378,0.04007530212402344,0.106,0.6659,0,1,0,1,1
59,550790,1,rule_based_agent_0,rule_based_agent,1,386,2,2,0,0,28,26,339,5,386,0.21810245513916016,0.565,1.9929,0,0,0,3,0
59,550790,2,rule_based_agent_1,rule_based_agent,0,386,3,3,0,0,24,11,83,3,97,0.02543020248413086,0.2622,0.9401,0,1,1,2,0
59,550790,3,rule_based_agent_2,rule_based_agent,0,386,1,1,0,1,21,10,78,3,91,0.031186580657958984,0.3427,1.9171,0,1,0,4,0
60,550791,0,benedict_task4,benedict_task4,0,254,1,1,0,1,36,28,187,12,250,0.01737189292907715,0.0695,0.4847,0,1,0,3,0
60,550791,1,rule_based_agent_0,rule_based_agent,0,254,1,1,0,1,19,19,206,6,231,0.10763239860534668,0.4659,2.0442,0,1,0,3,0
60,550791,2,rule_based_agent_1,rule_based_agent,0,254,4,4,0,1,28,9,71,4,84,0.023357629776000977,0.2781,0.7579,0,1,0,2,0
60,550791,3,rule_based_agent_2,rule_based_agent,1,254,8,3,1,0,35,22,215,10,254,0.1206824779510498,0.4751,1.9791,0,0,0,1,1
61,550792,0,benedict_task4,benedict_task4,1,400,9,4,1,0,20,43,326,5,400,0.044672489166259766,0.1117,0.519,0,0,0,1,1
61,550792,1,rule_based_agent_0,rule_based_agent,0,400,4,4,0,1,27,30,275,22,327,0.15227723121643066,0.4657,1.95,0,1,0,3,0
61,550792,2,rule_based_agent_1,rule_based_agent,1,400,6,1,1,0,31,37,337,23,400,0.17891597747802734,0.4473,1.9138,0,0,0,2,0
61,550792,3,rule_based_agent_2,rule_based_agent,0,400,0,0,0,1,37,27,241,12,281,0.12434172630310059,0.4425,2.084,0,1,0,4,0
62,550793,0,benedict_task4,benedict_task4,0,299,3,3,0,1,33,33,232,5,291,0.028644800186157227,0.0984,0.5538,0,1,0,1,1
62,550793,1,rule_based_agent_0,rule_based_agent,0,299,2,2,0,1,28,10,89,6,105,0.024814128875732422,0.2363,1.2112,0,1,0,2,0
62,550793,2,rule_based_agent_1,rule_based_agent,0,299,2,2,0,1,31,22,199,11,232,0.11045050621032715,0.4761,1.9209,0,1,0,2,0
62,550793,3,rule_based_agent_2,rule_based_agent,1,299,2,2,0,0,23,28,249,12,299,0.13853812217712402,0.4633,2.032,0,0,0,2,0
63,550794,0,benedict_task4,benedict_task4,0,400,2,2,0,1,23,12,72,0,94,0.0038340091705322266,0.0408,0.2139,0,1,0,2,0
63,550794,1,rule_based_agent_0,rule_based_agent,1,400,5,5,0,0,36,37,355,8,400,0.20586228370666504,0.5147,2.0039,0,0,0,1,1
63,550794,2,rule_based_agent_1,rule_based_agent,1,400,1,1,0,0,41,36,354,10,400,0.20693564414978027,0.5173,2.224,0,0,0,3,0
63,550794,3,rule_based_agent_2,rule_based_agent,0,400,1,1,0,1,24,10,81,4,95,0.0317990779876709,0.3347,1.271,0,1,0,3,0
64,550795,0,benedict_task4,benedict_task4,1,400,3,3,0,0,37,41,319,5,400,0.044748544692993164,0.1119,0.628,0,0,0,2,0
64,550795,1,rule_based_agent_0,rule_based_agent,0,400,4,4,0,1,47,17,159,6,182,0.05659151077270508,0.3109,1.9531,0,1,0,1,1
64,550795,2,rule_based_agent_1,rule_based_agent,1,400,1,1,0,0,25,34,344,16,400,0.21830010414123535,0.5458,2.0192,0,0,0,3,0
64,550795,3,rule_based_agent_2,rule_based_agent,0,400,1,1,0,1,22,24,215,8,248,0.1089010238647461,0.4391,2.0869,0,1,0,3,0
65,550796,0,benedict_task4,benedict_task4,1,400,3,3,0,0,41,44,321,9,400,0.04537177085876465,0.1134,0.4759,0,0,0,1,1
65,550796,1,rule_based_agent_0,rule_based_agent,1,400,2,2,0,0,29,32,352,7,400,0.21303796768188477,0.5326,1.7998,0,0,0,3,0
65,550796,2,rule_based_agent_1,rule_based_agent,0,400,3,3,0,1,29,13,121,5,139,0.032294273376464844,0.2323,0.911,0,1,0,1,1
65,550796,3,rule_based_agent_2,rule_based_agent,0,400,1,1,0,1,23,8,59,4,71,0.017145633697509766,0.2415,0.6261,0,1,0,4,0
66,550797,0,benedict_task4,benedict_task4,0,333,4,4,0,1,37,34,269,3,329,0.028200864791870117,0.0857,0.4938,0,1,0,1,1
66,550797,1,rule_based_agent_0,rule_based_agent,0,333,4,4,0,1,31,25,263,15,303,0.15186357498168945,0.5012,1.8759,0,1,0,1,1
66,550797,2,rule_based_agent_1,rule_based_agent,1,333,0,0,0,0,32,27,285,15,333,0.1659684181213379,0.4984,1.7631,0,0,0,4,0
66,550797,3,rule_based_agent_2,rule_based_agent,0,333,1,1,0,1,23,7,44,2,53,0.012778043746948242,0.2411,0.5491,0,1,0,3,0
67,550798,0,benedict_task4,benedict_task4,0,400,2,2,0,1,31,32,236,6,297,0.031195878982543945,0.105,0.618,0,1,0,2,0
67,550798,1,rule_based_agent_0,rule_based_agent,1,400,3,3,0,0,41,28,363,9,400,0.27057528495788574,0.6764,1.9619,0,0,0,1,1
67,550798,2,rule_based_agent_1,rule_based_agent,1,400,2,2,0,0,24,25,360,15,400,0.2650148868560791,0.6625,1.9751,0,0,0,2,0
67,550798,3,rule_based_agent_2,rule_based_agent,0,400,2,2,0,1,26,22,233,11,266,0.13788866996765137,0.5184,1.9488,0,1,0,2,0
68,550799,0,benedict_task4,benedict_task4,0,400,2,2,0,1,29,10,66,1,89,0.003432035446166992,0.0386,0.2208,0,1,0,3,0
68,550799,1,rule_based_agent_0,rule_based_agent,1,400,0,0,0,0,35,39,346,15,400,0.17727231979370117,0.4432,1.9631,0,0,0,4,0
68,550799,2,rule_based_agent_1,rule_based_agent,1,400,4,4,0,0,30,39,348,13,400,0.17170143127441406,0.4293,2.032,0,0,0,1,1
68,550799,3,rule_based_agent_2,rule_based_agent,0,400,3,3,0,1,22,7,47,5,59,0.013222694396972656,0.2241,0.6251,0,1,0,2,0
69,550800,0,benedict_task4,benedict_task4,0,273,1,1,0,1,16,7,38,0,50,0.0015902519226074219,0.0318,0.0801,0,1,0,2,0
69,550800,1,rule_based_agent_0,rule_based_agent,0,273,1,1,0,1,37,16,157,7,180,0.09450411796569824,0.525,2.0881,0,1,0,2,0
69,550800,2,rule_based_agent_1,rule_based_agent,1,273,6,6,0,0,60,25,242,2,273,0.15937471389770508,0.5838,2.212,0,0,0,1,1
69,550800,3,rule_based_agent_2,rule_based_agent,0,273,1,1,0,1,21,7,69,3,79,0.0206758975982666,0.2617,0.736,0,1,0,2,0
70,550801,0,benedict_task4,benedict_task4,0,400,1,1,0,0,22,12,82,3,108,0.006028413772583008,0.0558,0.278,0,1,1,4,0
70,550801,1,rule_based_agent_0,rule_based_agent,0,400,4,4,0,1,38,13,115,7,135,0.04301929473876953,0.3187,1.4751,0,1,0,2,0
70,550801,2,rule_based_agent_1,rule_based_agent,1,400,3,3,0,0,38,37,349,14,400,0.2104659080505371,0.5262,2.018,0,0,0,3,0
70,550801,3,rule_based_agent_2,rule_based_agent,1,400,11,1,2,0,25,34,352,14,400,0.1747608184814453,0.4369,2.0142,0,0,0,1,1
71,550802,0,benedict_task4,benedict_task4,0,286,3,3,0,1,47,31,223,3,282,0.02375483512878418,0.0842,0.5481,0,1,0,1,1
71,550802,1,rule_based_agent_0,rule_based_agent,0,286,2,2,0,1,21,8,79,3,90,0.02561807632446289,0.2846,0.746,0,1,0,2,0
71,550802,2,rule_based_agent_1,rule_based_agent,0,286,2,2,0,1,26,19,203,5,228,0.11424493789672852,0.5011,2.295,0,1,0,2,0
71,550802,3,rule_based_agent_2,rule_based_agent,1,286,2,2,0,0,29,24,243,11,286,0.14111757278442383,0.4934,2.0401,0,0,0,2,0
72,550803,0,benedict_task4,benedict_task4,1,400,7,2,1,0,34,43,318,8,400,0.04370403289794922,0.1093,0.5939,0,0,0,1,1
72,550803,1,rule_based_agent_0,rule_based_agent,1,400,5,5,0,0,24,32,359,7,400,0.20276737213134766,0.5069,2.0213,0,0,0,2,0
72,550803,2,rule_based_agent_1,rule_based_agent,0,400,0,0,0,0,26,7,45,1,53,0.012244462966918945,0.231,0.6337,0,1,1,4,0
72,550803,3,rule_based_agent_2,rule_based_agent,0,400,2,2,0,1,38,30,313,15,359,0.2128751277923584,0.593,2.0943,0,1,0,3,0
73,550804,0,benedict_task4,benedict_task4,0,254,5,5,0,1,31,18,140,2,171,0.007227420806884766,0.0423,0.283,0,1,0,1,1
73,550804,1,rule_based_agent_0,rule_based_agent,1,254,1,1,0,0,34,24,222,4,254,0.12251901626586914,0.4824,1.9479,0,0,0,3,0
73,550804,2,rule_based_agent_1,rule_based_agent,0,254,0,0,0,1,28,8,73,3,84,0.021695852279663086,0.2583,0.6211,0,1,0,4,0
73,550804,3,rule_based_agent_2,rule_based_agent,0,254,3,3,0,1,31,18,203,5,226,0.10231256484985352,0.4527,1.8733,0,1,0,2,0
74,550805,0,benedict_task4,benedict_task4,0,225,2,2,0,1,29,13,72,1,97,0.003229856491088867,0.0333,0.0939,0,1,0,3,0
74,550805,1,rule_based_agent_0,rule_based_agent,1,225,3,3,0,0,57,20,200,1,225,0.12851953506469727,0.5712,2.1608,0,0,0,1,1
74,550805,2,rule_based_agent_1,rule_based_agent,0,225,3,3,0,1,12,11,121,5,137,0.05662226676940918,0.4133,1.8229,0,1,0,1,1
74,550805,3,rule_based_agent_2,rule_based_agent,0,225,1,1,0,1,27,7,55,3,65,0.017503976821899414,0.2693,0.8461,0,1,0,4,0
75,550806,0,benedict_task4,benedict_task4,0,400,2,2,0,1,31,16,115,3,144,0.0070459842681884766,0.0489,0.2019,0,1,0,2,0
75,550806,1,rule_based_agent_0,rule_based_agent,1,400,3,3,0,0,38,39,346,15,400,0.20892095565795898,0.5223,1.8489,0,0,0,1,1
75,550806,2,rule_based_agent_1,rule_based_agent,1,400,2,2,0,0,27,37,353,10,400,0.1994612216949463,0.4987,2.0328,0,0,0,2,0
75,550806,3,rule_based_agent_2,rule_based_agent,0,400,2,2,0,1,29,10,85,4,99,0.02920055389404297,0.295,0.803,0,1,0,2,0
76,550807,0,benedict_task4,benedict_task4,0,400,4,4,0,1,39,18,123,3,165,0.006966590881347656,0.0422,0.1857,0,1,0,2,0
76,550807,1,rule_based_agent_0,rule_based_agent,0,400,2,2,0,1,42,19,191,8,220,0.09711480140686035,0.4414,1.94,0,1,0,4,0
76,550807,2,rule_based_agent_1,rule_based_agent,1,400,5,0,1,0,21,23,369,8,400,0.2464313507080078,0.6161,1.8892,0,0,0,1,1
76,550807,3,rule_based_agent_2,rule_based_agent,1,400,3,3,0,0,19,19,368,11,400,0.24340152740478516,0.6085,1.797,0,0,0,3,0
77,550808,0,benedict_task4,benedict_task4,1,400,7,2,1,0,34,45,308,21,400,0.039736270904541016,0.0993,0.6123,0,0,0,1,1
77,550808,1,rule_based_agent_0,rule_based_agent,0,400,1,1,0,1,29,30,343,17,399,0.17110228538513184,0.4288,1.745,0,1,0,3,0
77,550808,2,rule_based_agent_1,rule_based_agent,0,400,0,0,0,0,22,15,139,4,158,0.06047201156616211,0.3827,1.8051,0,1,1,4,0
77,550808,3,rule_based_agent_2,rule_based_agent,0,400,6,6,0,1,27,13,115,6,134,0.044820308685302734,0.3345,1.899,0,1,0,2,0
78,550809,0,benedict_task4,benedict_task4,0,293,2,2,0,1,38,33,233,3,289,0.028606891632080078,0.099,0.5248,0,1,0,4,0
78,550809,1,rule_based_agent_0,rule_based_agent,0,293,6,1,1,0,24,18,206,5,229,0.11781787872314453,0.5145,1.8599,0,1,1,2,0
78,550809,2,rule_based_agent_1,rule_based_agent,1,293,8,3,1,0,28,22,249,14,293,0.1456468105316162,0.4971,1.8339,0,0,0,1,1
78,550809,3,rule_based_agent_2,rule_based_agent,0,293,3,3,0,0,35,18,157,3,179,0.047599077224731445,0.2659,1.7309,0,1,1,3,0
79,550810,0,benedict_task4,benedict_task4,0,400,3,3,0,1,38,24,157,3,204,0.0078122615814208984,0.0383,0.191,0,1,0,1,1
79,550810,1,rule_based_agent_0,rule_based_agent,1,400,2,2,0,0,37,24,365,11,400,0.2472527027130127,0.6181,2.1303,0,0,0,2,0
79,550810,2,rule_based_agent_1,rule_based_agent,1,400,2,2,0,0,33,21,372,7,400,0.23470497131347656,0.5868,1.9228,0,0,0,2,0
79,550810,3,rule_based_agent_2,rule_based_agent,0,400,2,2,0,1,23,12,125,9,146,0.0548100471496582,0.3754,2.1329,0,1,0,2,0
80,550811,0,benedict_task4,benedict_task4,0,272,2,2,0,1,14,7,51,1,65,0.002502918243408203,0.0385,0.1221,0,1,0,3,0
80,550811,1,rule_based_agent_0,rule_based_agent,1,272,4,4,0,0,64,25,242,1,272,0.16089320182800293,0.5915,2.0978,0,0,0,2,0
80,550811,2,rule_based_agent_1,rule_based_agent,0,272,7,2,1,1,28,8,73,4,85,0.02034759521484375,0.2394,0.875,0,1,0,1,1
80,550811,3,rule_based_agent_2,rule_based_agent,0,272,1,1,0,1,27,10,70,5,85,0.019708633422851562,0.2319,0.5898,0,1,0,4,0
81,550812,0,benedict_task4,benedict_task4,0,221,3,3,0,0,18,10,71,2,91,0.0026226043701171875,0.0288,0.1063,0,1,1,3,0
81,550812,1,rule_based_agent_0,rule_based_agent,1,221,4,4,0,0,42,20,196,1,221,0.13762378692626953,0.6227,2.1369,0,0,0,2,0
81,550812,2,rule_based_agent_1,rule_based_agent,0,221,1,1,0,1,39,12,101,7,120,0.035462141036987305,0.2955,2.214,0,1,0,4,0
81,550812,3,rule_based_agent_2,rule_based_agent,0,221,6,1,1,1,27,11,105,2,118,0.04140830039978027,0.3509,2.1579,0,1,0,1,1
82,550813,0,benedict_task4,benedict_task4,0,269,5,5,0,1,39,29,208,5,265,0.013561248779296875,0.0512,0.4151,0,1,0,1,1
82,550813,1,rule_based_agent_0,rule_based_agent,0,269,1,1,0,1,17,8,74,2,84,0.02213597297668457,0.2635,0.731,0,1,0,3,0
82,550813,2,rule_based_agent_1,rule_based_agent,0,269,2,2,0,1,30,13,107,5,125,0.033876657485961914,0.271,1.1013,0,1,0,2,0
82,550813,3,rule_based_agent_2,rule_based_agent,1,269,1,1,0,0,31,16,243,6,269,0.1101837158203125,0.4096,1.9581,0,0,0,3,0
83,550814,0,benedict_task4,benedict_task4,0,384,3,3,0,1,35,42,301,6,380,0.03610539436340332,0.095,0.608,0,1,0,2,0
83,550814,1,rule_based_agent_0,rule_based_agent,1,384,4,4,0,0,51,28,335,8,384,0.19619464874267578,0.5109,2.0318,0,0,0,1,1
83,550814,2,rule_based_agent_1,rule_based_agent,0,384,1,1,0,1,11,5,42,1,48,0.012748956680297852,0.2656,0.6568,0,1,0,3,0
83,550814,3,rule_based_agent_2,rule_based_agent,0,384,1,1,0,1,23,9,81,4,94,0.028042078018188477,0.2983,1.158,0,1,0,3,0
84,550815,0,benedict_task4,benedict_task4,0,230,0,0,0,1,23,10,56,3,76,0.0034160614013671875,0.0449,0.14,0,1,0,4,0
84,550815,1,rule_based_agent_0,rule_based_agent,1,230,3,3,0,0,50,21,202,3,230,0.14826607704162598,0.6446,2.028,0,0,0,2,0
84,550815,2,rule_based_agent_1,rule_based_agent,0,230,2,2,0,1,31,10,111,2,123,0.04504895210266113,0.3663,1.6439,0,1,0,3,0
84,550815,3,rule_based_agent_2,rule_based_agent,0,230,4,4,0,1,18,7,82,4,93,0.02881336212158203,0.3098,0.8929,0,1,0,1,1
85,550816,0,benedict_task4,benedict_task4,0,400,7,2,1,1,49,29,205,4,266,0.023125410079956055,0.0869,0.4749,0,1,0,1,1
85,550816,1,rule_based_agent_0,rule_based_agent,0,400,4,4,0,1,26,15,139,11,165,0.07278800010681152,0.4411,1.8799,0,1,0,2,0
85,550816,2,rule_based_agent_1,rule_based_agent,1,400,1,1,0,0,29,29,362,9,400,0.21992039680480957,0.5498,1.7881,0,0,0,4,0
85,550816,3,rule_based_agent_2,rule_based_agent,1,400,2,2,0,0,18,28,359,12,400,0.21279573440551758,0.532,1.8802,0,0,0,3,0
86,550817,0,benedict_task4,benedict_task4,0,341,7,2,1,1,28,38,273,6,337,0.03745555877685547,0.1111,0.6149,0,1,0,1,1
86,550817,1,rule_based_agent_0,rule_based_agent,0,341,4,4,0,0,35,15,139,4,158,0.05804896354675293,0.3674,1.8291,0,1,1,3,0
86,550817,2,rule_based_agent_1,rule_based_agent,0,341,1,1,0,0,38,23,226,11,260,0.11770176887512207,0.4527,2.0018,0,1,1,4,0
86,550817,3,rule_based_agent_2,rule_based_agent,1,341,7,2,1,0,26,30,287,14,341,0.19754910469055176,0.5793,1.822,0,0,0,1,1
87,550818,0,benedict_task4,benedict_task4,0,400,4,4,0,1,25,17,135,0,164,0.006582975387573242,0.0401,0.1969,0,1,0,3,0
87,550818,1,rule_based_agent_0,rule_based_agent,0,400,0,0,0,1,29,15,139,6,160,0.06477761268615723,0.4049,2.069,0,1,0,4,0
87,550818,2,rule_based_agent_1,rule_based_agent,1,400,7,2,1,0,36,19,379,2,400,0.2511279582977295,0.6278,1.7972,0,0,0,2,0
87,550818,3,rule_based_agent_2,rule_based_agent,1,400,8,3,1,0,36,19,374,6,400,0.26454639434814453,0.6614,1.919,0,0,0,1,1
88,550819,0,benedict_task4,benedict_task4,1,400,3,3,0,0,32,43,316,12,400,0.044219017028808594,0.1105,0.5491,0,0,0,2,0
88,550819,1,rule_based_agent_0,rule_based_agent,1,400,4,4,0,0,32,32,333,27,400,0.2261500358581543,0.5654,1.7941,0,0,0,1,1
88,550819,2,rule_based_agent_1,rule_based_agent,0,400,0,0,0,1,17,8,67,6,81,0.020559072494506836,0.2538,0.5991,0,1,0,4,0
88,550819,3,rule_based_agent_2,rule_based_agent,0,400,2,2,0,1,38,22,193,9,224,0.0839390754699707,0.3747,1.8051,0,1,0,3,0
89,550820,0,benedict_task4,benedict_task4,0,317,9,4,1,1,28,33,247,9,313,0.03119969367980957,0.0997,0.5641,0,1,0,1,1
89,550820,1,rule_based_agent_0,rule_based_agent,0,317,1,1,0,0,31,20,211,7,239,0.1117856502532959,0.4677,1.8299,0,1,1,3,0
89,550820,2,rule_based_agent_1,rule_based_agent,0,317,1,1,0,1,31,16,153,11,180,0.06441283226013184,0.3578,1.749,0,1,0,3,0
89,550820,3,rule_based_agent_2,rule_based_agent,1,317,3,3,0,0,37,29,273,7,317,0.128828763961792,0.4064,1.884,0,0,0,2,0
90,550821,0,benedict_task4,benedict_task4,0,400,3,3,0,1,35,24,174,5,217,0.014183521270751953,0.0654,0.5381,0,1,0,2,0
90,550821,1,rule_based_agent_0,rule_based_agent,0,400,3,3,0,0,25,10,95,3,108,0.02527475357055664,0.234,0.7308,0,1,1,2,0
90,550821,2,rule_based_agent_1,rule_based_agent,1,400,8,3,1,0,26,24,363,13,400,0.2457273006439209,0.6143,1.775,0,0,0,1,1
90,550821,3,rule_based_agent_2,rule_based_agent,1,400,0,0,0,0,20,23,372,5,400,0.2554018497467041,0.6385,2.305,0,0,0,4,0
91,550822,0,benedict_task4,benedict_task4,0,234,2,2,0,1,33,25,185,3,230,0.013411760330200195,0.0583,0.582,0,1,0,4,0
91,550822,1,rule_based_agent_0,rule_based_agent,0,234,4,4,0,1,31,18,175,8,201,0.07556438446044922,0.3759,1.7321,0,1,0,2,0
91,550822,2,rule_based_agent_1,rule_based_agent,0,234,3,3,0,1,31,13,111,6,130,0.03203916549682617,0.2465,0.7527,0,1,0,3,0
91,550822,3,rule_based_agent_2,rule_based_agent,1,234,5,0,1,0,20,19,201,8,234,0.08556628227233887,0.3657,1.7471,0,0,0,1,1
92,550823,0,benedict_task4,benedict_task4,1,400,9,4,1,0,42,43,320,9,400,0.045912981033325195,0.1148,0.6011,0,0,0,1,1
92,550823,1,rule_based_agent_0,rule_based_agent,1,400,2,2,0,0,38,30,349,14,400,0.23656702041625977,0.5914,2.0013,0,0,0,2,0
92,550823,2,rule_based_agent_1,rule_based_agent,0,400,1,1,0,1,28,21,198,16,235,0.11575102806091309,0.4926,2.0223,0,1,0,4,0
92,550823,3,rule_based_agent_2,rule_based_agent,0,400,2,2,0,1,21,25,245,20,291,0.15990304946899414,0.5495,2.0082,0,1,0,2,0
93,550824,0,benedict_task4,benedict_task4,0,219,1,1,0,1,25,13,80,1,103,0.0037457942962646484,0.0364,0.2172,0,1,0,4,0
93,550824,1,rule_based_agent_0,rule_based_agent,0,219,2,2,0,1,28,12,117,5,134,0.049896240234375,0.3724,2.2421,0,1,0,2,0
93,550824,2,rule_based_agent_1,rule_based_agent,1,219,2,2,0,0,39,20,194,1,219,0.13301658630371094,0.6074,2.1,0,0,0,2,0
93,550824,3,rule_based_agent_2,rule_based_agent,0,219,4,4,0,1,27,9,91,5,105,0.03574848175048828,0.3405,2.161,0,1,0,1,1
94,550825,0,benedict_task4,benedict_task4,1,400,2,2,0,0,31,49,288,32,400,0.04758143424987793,0.119,0.5026,0,0,0,3,0
94,550825,1,rule_based_agent_0,rule_based_agent,0,400,2,2,0,0,25,8,75,7,90,0.025075435638427734,0.2786,0.7389,0,1,1,3,0
94,550825,2,rule_based_agent_1,rule_based_agent,0,400,9,4,1,1,38,23,225,15,266,0.0913839340209961,0.3435,1.8971,0,1,0,1,1
94,550825,3,rule_based_agent_2,rule_based_agent,0,400,6,1,1,1,28,14,157,6,177,0.05753469467163086,0.3251,1.771,0,1,0,2,0
95,550826,0,benedict_task4,benedict_task4,0,309,1,1,0,0,16,6,37,2,51,0.0018360614776611328,0.036,0.067,0,1,1,3,0
95,550826,1,rule_based_agent_0,rule_based_agent,0,309,6,6,0,1,42,24,219,6,249,0.10709643363952637,0.4301,2.4121,0,1,0,2,0
95,550826,2,rule_based_agent_1,rule_based_agent,1,309,7,2,1,0,48,28,272,5,309,0.20051336288452148,0.6489,2.2781,0,0,0,1,1
95,550826,3,rule_based_agent_2,rule_based_agent,0,309,0,0,0,1,9,5,37,3,45,0.01055765151977539,0.2346,0.742,0,1,0,4,0
96,550827,0,benedict_task4,benedict_task4,0,297,3,3,0,1,19,9,59,2,74,0.002841949462890625,0.0384,0.1459,0,1,0,2,0
96,550827,1,rule_based_agent_0,rule_based_agent,1,297,7,2,1,0,48,26,262,5,297,0.18726754188537598,0.6305,2.182,0,0,0,1,1
96,550827,2,rule_based_agent_1,rule_based_agent,0,297,3,3,0,1,27,16,155,6,177,0.059491872787475586,0.3361,1.961,0,1,0,2,0
96,550827,3,rule_based_agent_2,rule_based_agent,0,297,1,1,0,1,26,13,119,7,139,0.049698591232299805,0.3575,2.2519,0,1,0,4,0
97,550828,0,benedict_task4,benedict_task4,0,247,6,6,0,1,35,25,190,3,243,0.022393226623535156,0.0922,0.6628,0,1,0,1,1
97,550828,1,rule_based_agent_0,rule_based_agent,0,247,3,3,0,1,35,19,169,9,197,0.1021108627319336,0.5183,1.8299,0,1,0,2,0
97,550828,2,rule_based_agent_1,rule_based_agent,1,247,0,0,0,0,43,20,205,16,247,0.13771462440490723,0.5575,2.0769,0,0,0,3,0
97,550828,3,rule_based_agent_2,rule_based_agent,0,247,0,0,0,1,20,8,67,4,79,0.025161027908325195,0.3185,0.9611,0,1,0,3,0
98,550829,0,benedict_task4,benedict_task4,0,234,2,2,0,1,25,11,73,1,94,0.0030794143676757812,0.0328,0.108,0,1,0,3,0
98,550829,1,rule_based_agent_0,rule_based_agent,0,234,3,3,0,1,22,14,145,6,165,0.05613899230957031,0.3402,1.8342,0,1,0,2,0
98,550829,2,rule_based_agent_1,rule_based_agent,0,234,0,0,0,1,25,7,49,4,60,0.014361858367919922,0.2394,0.865,0,1,0,4,0
98,550829,3,rule_based_agent_2,rule_based_agent,1,234,4,4,0,0,41,19,208,3,234,0.10925841331481934,0.4669,1.9226,0,0,0,1,1
99,550830,0,benedict_task4,benedict_task4,0,400,1,1,0,1,28,21,145,3,185,0.008379459381103516,0.0453,0.6261,0,1,0,3,0
99,550830,1,rule_based_agent_0,rule_based_agent,0,400,5,5,0,1,24,8,83,4,95,0.022327899932861328,0.235,0.726,0,1,0,1,1
99,550830,2,rule_based_agent_1,rule_based_agent,1,400,1,1,0,0,31,18,373,9,400,0.2713963985443115,0.6785,2.0669,0,0,0,3,0
99,550830,3,rule_based_agent_2,rule_based_agent,1,400,2,2,0,0,32,17,378,5,400,0.26161980628967285,0.654,1.9059,0,0,0,2,0
100,550831,0,benedict_task4,benedict_task4,1,265,2,2,0,0,38,27,213,5,265,0.013054847717285156,0.0493,0.2592,0,0,0,2,0
100,550831,1,rule_based_agent_0,rule_based_agent,0,265,8,3,1,1,26,17,227,4,248,0.08606863021850586,0.3471,1.7111,0,1,0,1,1
100,550831,2,rule_based_agent_1,rule_based_agent,0,265,2,2,0,1,24,19,169,16,204,0.07806110382080078,0.3827,2.0301,0,1,0,2,0
100,550831,3,rule_based_agent_2,rule_based_agent,0,265,2,2,0,1,31,14,166,5,185,0.06340861320495605,0.3427,1.6599,0,1,0,2,0
101,550832,0,benedict_task4,benedict_task4,0,282,1,1,0,1,21,13,73,2,95,0.0056416988372802734,0.0594,0.2539,0,1,0,3,0
101,550832,1,rule_based_agent_0,rule_based_agent,0,282,1,1,0,1,24,10,65,7,82,0.023388385772705078,0.2852,0.922,0,1,0,3,0
101,550832,2,rule_based_agent_1,rule_based_agent,0,282,3,3,0,1,24,16,179,12,207,0.10144495964050293,0.4901,2.0642,0,1,0,2,0
101,550832,3,rule_based_agent_2,rule_based_agent,1,282,4,4,0,0,50,26,248,4,282,0.17989587783813477,0.6379,2.187,0,0,0,1,1
102,550833,0,benedict_task4,benedict_task4,0,400,2,2,0,0,24,8,48,1,63,0.0021696090698242188,0.0344,0.1531,0,1,1,3,0
102,550833,1,rule_based_agent_0,rule_based_agent,0,400,9,4,1,0,32,11,87,3,101,0.027022838592529297,0.2676,0.9041,0,1,1,1,1
102,550833,2,rule_based_agent_1,rule_based_agent,1,400,1,1,0,0,39,35,359,5,400,0.2080397605895996,0.5201,2.049,0,0,0,4,0
102,550833,3,rule_based_agent_2,rule_based_agent,1,400,7,2,1,0,37,35,352,13,400,0.19781827926635742,0.4945,2.0571,0,0,0,2,0
103,550834,0,benedict_task4,benedict_task4,1,400,3,3,0,0,39,48,311,15,400,0.04544687271118164,0.1136,0.493,0,0,0,2,0
103,550834,1,rule_based_agent_0,rule_based_agent,0,400,1,1,0,1,34,12,111,4,127,0.045827627182006836,0.3608,1.9851,0,1,0,3,0
103,550834,2,rule_based_agent_1,rule_based_agent,0,400,4,4,0,1,22,14,151,6,172,0.06772851943969727,0.3938,1.8909,0,1,0,1,1
103,550834,3,rule_based_agent_2,rule_based_agent,0,400,1,1,0,1,22,31,302,7,348,0.15769505500793457,0.4531,1.8973,0,1,0,3,0
104,550835,0,benedict_task4,benedict_task4,1,400,9,4,1,0,45,43,319,6,400,0.029208660125732422,0.073,0.4761,0,0,0,1,1
104,550835,1,rule_based_agent_0,rule_based_agent,0,400,1,1,0,0,19,5,31,2,38,0.007163286209106445,0.1885,0.5052,0,1,1,3,0
104,550835,2,rule_based_agent_1,rule_based_agent,1,400,3,3,0,0,39,30,361,5,400,0.19333386421203613,0.4833,2.6553,0,0,0,2,0
104,550835,3,rule_based_agent_2,rule_based_agent,0,400,1,1,0,1,22,7,62,2,71,0.01871633529663086,0.2636,0.7312,0,1,0,3,0
105,550836,0,benedict_task4,benedict_task4,0,400,0,0,0,1,13,7,40,0,50,0.0018622875213623047,0.0372,0.128,0,1,0,4,0
105,550836,1,rule_based_agent_0,rule_based_agent,0,400,2,2,0,0,39,16,169,5,190,0.08295512199401855,0.4366,1.858,0,1,1,3,0
105,550836,2,rule_based_agent_1,rule_based_agent,1,400,9,4,1,0,35,33,353,14,400,0.2124953269958496,0.5312,2.1949,0,0,0,1,1
105,550836,3,rule_based_agent_2,rule_based_agent,1,400,3,3,0,0,41,32,360,8,400,0.20460939407348633,0.5115,1.9069,0,0,0,2,0
106,550837,0,benedict_task4,benedict_task4,0,367,7,2,1,1,35,40,289,7,363,0.04387664794921875,0.1209,0.5534,0,1,0,2,0
106,550837,1,rule_based_agent_0,rule_based_agent,0,367,1,1,0,0,25,9,67,4,80,0.022611141204833984,0.2826,0.7544,0,1,1,4,0
106,550837,2,rule_based_agent_1,rule_based_agent,1,367,3,3,0,0,31,29,321,6,367,0.20603179931640625,0.5614,2.018,0,0,0,3,0
106,550837,3,rule_based_agent_2,rule_based_agent,0,367,8,3,1,1,30,28,245,15,289,0.1593785285949707,0.5515,1.941,0,1,0,1,1
107,550838,0,benedict_task4,benedict_task4,0,400,2,2,0,1,19,12,84,1,102,0.004773378372192383,0.0468,0.2069,0,1,0,3,0
107,550838,1,rule_based_agent_0,rule_based_agent,1,400,8,3,1,0,46,37,353,10,400,0.21451759338378906,0.5363,2.1367,0,0,0,1,1
107,550838,2,rule_based_agent_1,rule_based_agent,1,400,1,1,0,0,32,32,354,14,400,0.21389484405517578,0.5347,2.0649,0,0,0,4,0
107,550838,3,rule_based_agent_2,rule_based_agent,0,400,3,3,0,1,24,9,76,4,89,0.02725696563720703,0.3063,0.9291,0,1,0,2,0
108,550839,0,benedict_task4,benedict_task4,1,400,8,3,1,0,34,47,311,11,400,0.048018693923950195,0.12,0.5479,0,0,0,1,1
108,550839,1,rule_based_agent_0,rule_based_agent,0,400,1,1,0,1,30,19,187,10,216,0.12676715850830078,0.5869,1.905,0,1,0,4,0
108,550839,2,rule_based_agent_1,rule_based_agent,0,400,6,1,1,1,23,34,303,17,361,0.21108269691467285,0.5847,1.9271,0,1,0,2,0
108,550839,3,rule_based_agent_2,rule_based_agent,0,400,4,4,0,1,25,11,101,7,119,0.044046878814697266,0.3701,1.9772,0,1,0,3,0
109,550840,0,benedict_task4,benedict_task4,1,400,7,7,0,0,51,48,287,39,400,0.03386116027832031,0.0847,0.4151,0,0,0,1,1
109,550840,1,rule_based_agent_0,rule_based_agent,0,400,1,1,0,1,19,6,61,3,70,0.023448467254638672,0.335,0.7629,0,1,0,2,0
109,550840,2,rule_based_agent_1,rule_based_agent,0,400,0,0,0,1,17,7,51,2,60,0.016112565994262695,0.2685,0.6418,0,1,0,4,0
109,550840,3,rule_based_agent_2,rule_based_agent,0,400,1,1,0,1,31,14,133,5,152,0.05071067810058594,0.3336,1.4648,0,1,0,2,0
110,550841,0,benedict_task4,benedict_task4,0,400,3,3,0,1,24,18,134,2,166,0.007769346237182617,0.0468,0.2582,0,1,0,2,0
110,550841,1,rule_based_agent_0,rule_based_agent,1,400,2,2,0,0,32,22,375,2,400,0.25246620178222656,0.6312,1.9221,0,0,0,4,0
110,550841,2,rule_based_agent_1,rule_based_agent,0,400,3,3,0,1,30,14,117,6,137,0.03537464141845703,0.2582,1.271,0,1,0,2,0
110,550841,3,rule_based_agent_2,rule_based_agent,1,400,6,1,1,0,32,21,376,2,400,0.2530553340911865,0.6326,1.786,0,0,0,1,1
111,550842,0,benedict_task4,benedict_task4,0,400,2,2,0,1,24,19,130,1,165,0.007841348648071289,0.0475,0.2341,0,1,0,3,0
111,550842,1,rule_based_agent_0,rule_based_agent,1,400,3,3,0,0,38,33,360,7,400,0.21522164344787598,0.5381,1.92,0,0,0,2,0
111,550842,2,rule_based_agent_1,rule_based_agent,1,400,4,4,0,0,31,33,361,6,400,0.2210845947265625,0.5527,1.9979,0,0,0,1,1
111,550842,3,rule_based_agent_2,rule_based_agent,0,400,0,0,0,1,28,7,61,3,71,0.020115375518798828,0.2833,0.7958,0,1,0,4,0
112,550843,0,benedict_task4,benedict_task4,1,400,6,1,1,0,30,46,315,14,400,0.04736590385437012,0.1184,0.5481,0,0,0,2,0
112,550843,1,rule_based_agent_0,rule_based_agent,0,400,8,3,1,1,28,27,252,14,293,0.1480410099029541,0.5053,1.8697,0,1,0,1,1
112,550843,2,rule_based_agent_1,rule_based_agent,0,400,3,3,0,1,21,12,105,5,122,0.03364729881286621,0.2758,0.8922,0,1,0,3,0
112,550843,3,rule_based_agent_2,rule_based_agent,0,400,2,2,0,1,37,32,283,14,331,0.15139365196228027,0.4574,1.8539,0,1,0,4,0
113,550844,0,benedict_task4,benedict_task4,1,400,10,5,1,0,31,47,321,6,400,0.04185318946838379,0.1046,0.49,0,0,0,1,1
113,550844,1,rule_based_agent_0,rule_based_agent,0,400,1,1,0,0,29,22,220,9,252,0.10572934150695801,0.4196,1.8592,0,1,1,4,0
113,550844,2,rule_based_agent_1,rule_based_agent,1,400,6,1,1,0,25,30,350,14,400,0.22370147705078125,0.5593,1.7831,0,0,0,2,0
113,550844,3,rule_based_agent_2,rule_based_agent,0,400,2,2,0,1,29,10,105,3,118,0.04697227478027344,0.3981,2.0118,0,1,0,3,0
114,550845,0,benedict_task4,benedict_task4,1,400,3,3,0,0,34,51,279,38,400,0.04229569435119629,0.1057,0.4992,0,0,0,1,1
114,550845,1,rule_based_agent_0,rule_based_agent,0,400,3,3,0,1,28,18,203,11,233,0.10887813568115234,0.4673,1.8439,0,1,0,1,1
114,550845,2,rule_based_agent_1,rule_based_agent,0,400,2,2,0,1,23,19,173,10,202,0.11711001396179199,0.5798,2.0831,0,1,0,3,0
114,550845,3,rule_based_agent_2,rule_based_agent,0,400,1,1,0,1,41,18,163,7,188,0.09424281120300293,0.5013,2.3129,0,1,0,4,0
115,550846,0,benedict_task4,benedict_task4,0,203,0,0,0,1,30,20,159,3,199,0.017693519592285156,0.0889,0.7102,0,1,0,4,0
115,550846,1,rule_based_agent_0,rule_based_agent,0,203,3,3,0,0,27,19,149,9,177,0.07526135444641113,0.4252,1.8759,0,1,1,2,0
115,550846,2,rule_based_agent_1,rule_based_agent,0,203,9,4,1,1,33,13,161,3,177,0.06436491012573242,0.3636,1.7278,0,1,0,1,1
115,550846,3,rule_based_agent_2,rule_based_agent,1,203,2,2,0,0,28,20,165,13,203,0.07712507247924805,0.3799,1.8289,0,0,0,3,0
116,550847,0,benedict_task4,benedict_task4,0,278,2,2,0,1,28,31,217,7,274,0.020765066146850586,0.0758,0.541,0,1,0,2,0
116,550847,1,rule_based_agent_0,rule_based_agent,1,278,5,5,0,0,36,19,241,7,278,0.1109304428100586,0.399,1.7049,0,0,0,1,1
116,550847,2,rule_based_agent_1,rule_based_agent,0,278,0,0,0,1,24,9,77,5,91,0.0256650447845459,0.282,1.796,0,1,0,4,0
116,550847,3,rule_based_agent_2,rule_based_agent,0,278,2,2,0,1,34,10,77,8,95,0.024587154388427734,0.2588,1.76,0,1,0,2,0
117,550848,0,benedict_task4,benedict_task4,0,277,4,4,0,1,36,27,200,2,251,0.018362045288085938,0.0732,0.5183,0,1,0,1,1
117,550848,1,rule_based_agent_0,rule_based_agent,0,277,2,2,0,1,26,24,233,15,273,0.14868736267089844,0.5446,2.224,0,1,0,3,0
117,550848,2,rule_based_agent_1,rule_based_agent,1,277,3,3,0,0,41,27,242,3,277,0.13461542129516602,0.486,1.92,0,0,0,2,0
117,550848,3,rule_based_agent_2,rule_based_agent,0,277,0,0,0,1,19,11,93,4,108,0.0365598201751709,0.3385,1.3499,0,1,0,4,0
118,550849,0,benedict_task4,benedict_task4,1,400,3,3,0,0,45,47,313,7,400,0.029613256454467773,0.074,0.5119,0,0,0,2,0
118,550849,1,rule_based_agent_0,rule_based_agent,0,400,1,1,0,0,19,7,76,2,85,0.025750398635864258,0.3029,0.8981,0,1,1,4,0
118,550849,2,rule_based_agent_1,rule_based_agent,1,400,3,3,0,0,36,35,354,6,400,0.22850584983825684,0.5713,1.996,0,0,0,2,0
118,550849,3,rule_based_agent_2,rule_based_agent,0,400,7,2,1,1,23,27,267,19,314,0.14952325820922852,0.4762,2.3832,0,1,0,1,1
119,550850,0,benedict_task4,benedict_task4,0,400,5,5,0,0,37,22,156,1,199,0.011339902877807617,0.057,0.4029,0,1,1,2,0
119,550850,1,rule_based_agent_0,rule_based_agent,1,400,0,0,0,0,30,24,371,5,400,0.24824786186218262,0.6206,1.95,0,0,0,3,0
119,550850,2,rule_based_agent_1,rule_based_agent,1,400,9,4,1,0,34,24,362,14,400,0.24471044540405273,0.6118,2.0781,0,0,0,1,1
119,550850,3,rule_based_agent_2,rule_based_agent,0,400,0,0,0,1,17,6,42,2,50,0.01187753677368164,0.2376,0.6802,0,1,0,3,0
120,550851,0,benedict_task4,benedict_task4,0,245,4,4,0,1,26,13,89,1,113,0.003893136978149414,0.0345,0.1271,0,1,0,1,1
120,550851,1,rule_based_agent_0,rule_based_agent,0,245,1,1,0,1,25,22,205,11,241,0.10112524032592773,0.4196,1.8749,0,1,0,3,0
120,550851,2,rule_based_agent_1,rule_based_agent,0,245,1,1,0,1,28,22,183,15,220,0.09531283378601074,0.4332,1.9369,0,1,0,3,0
120,550851,3,rule_based_agent_2,rule_based_agent,1,245,3,3,0,0,40,20,215,4,245,0.10395669937133789,0.4243,2.039,0,0,0,2,0
121,550852,0,benedict_task4,benedict_task4,1,400,2,2,0,0,38,43,322,6,400,0.041734933853149414,0.1043,0.5252,0,0,0,2,0
121,550852,1,rule_based_agent_0,rule_based_agent,0,400,5,5,0,1,24,6,47,4,57,0.012783050537109375,0.2243,0.617,0,1,0,1,1
121,550852,2,rule_based_agent_1,rule_based_agent,1,400,1,1,0,0,21,36,344,19,400,0.22290444374084473,0.5573,2.1131,0,0,0,3,0
121,550852,3,rule_based_agent_2,rule_based_agent,1,400,1,1,0,0,37,35,355,8,400,0.22046613693237305,0.5512,2.2011,0,0,0,3,0
122,550853,0,benedict_task4,benedict_task4,0,400,0,0,0,1,35,20,134,3,176,0.0068933963775634766,0.0392,0.1719,0,1,0,4,0
122,550853,1,rule_based_agent_0,rule_based_agent,1,400,4,4,0,0,42,19,378,3,400,0.25440335273742676,0.636,1.77,0,0,0,1,1
122,550853,2,rule_based_agent_1,rule_based_agent,0,400,2,2,0,1,18,6,58,2,66,0.015110254287719727,0.2289,0.597,0,1,0,3,0
122,550853,3,rule_based_agent_2,rule_based_agent,1,400,3,3,0,0,23,16,381,3,400,0.24592971801757812,0.6148,1.976,0,0,0,2,0
123,550854,0,benedict_task4,benedict_task4,0,400,0,0,0,1,8,6,40,0,48,0.0013768672943115234,0.0287,0.062,0,1,0,4,0
123,550854,1,rule_based_agent_0,rule_based_agent,1,400,4,4,0,0,49,36,359,5,400,0.16952133178710938,0.4238,1.9701,0,0,0,1,1
123,550854,2,rule_based_agent_1,rule_based_agent,1,400,3,3,0,0,54,38,352,10,400,0.19329524040222168,0.4832,2.0192,0,0,0,2,0
123,550854,3,rule_based_agent_2,rule_based_agent,0,400,2,2,0,1,17,6,63,4,73,0.02120685577392578,0.2905,1.0171,0,1,0,3,0
124,550855,0,benedict_task4,benedict_task4,1,400,3,3,0,0,44,47,304,13,400,0.03714919090270996,0.0929,0.5369,0,0,0,2,0
124,550855,1,rule_based_agent_0,rule_based_agent,0,400,1,1,0,1,32,16,145,5,166,0.0447845458984375,0.2698,1.1969,0,1,0,3,0
124,550855,2,rule_based_agent_1,rule_based_agent,1,400,5,5,0,0,34,30,353,7,400,0.1937241554260254,0.4843,1.9741,0,0,0,1,1
124,550855,3,rule_based_agent_2,rule_based_agent,0,400,0,0,0,1,24,7,51,4,62,0.018133878707885742,0.2925,0.931,0,1,0,4,0
125,550856,0,benedict_task4,benedict_task4,0,288,4,4,0,1,22,11,74,3,102,0.003804445266723633,0.0373,0.186,0,1,0,4,0
125,550856,1,rule_based_agent_0,rule_based_agent,1,288,7,2,1,0,38,24,256,4,288,0.1555347442626953,0.5401,2.1281,0,0,0,1,1
125,550856,2,rule_based_agent_1,rule_based_agent,0,288,7,2,1,1,28,21,179,9,209,0.08760571479797363,0.4192,2.0742,0,1,0,1,1
125,550856,3,rule_based_agent_2,rule_based_agent,0,288,6,1,1,1,33,22,207,13,242,0.12772011756896973,0.5278,2.285,0,1,0,3,0
126,550857,0,benedict_task4,benedict_task4,0,400,0,0,0,1,24,11,67,1,90,0.003312826156616211,0.0368,0.164,0,1,0,4,0
126,550857,1,rule_based_agent_0,rule_based_agent,1,400,7,2,1,0,35,41,349,10,400,0.1509082317352295,0.3773,2.2252,0,0,0,2,0
126,550857,2,rule_based_agent_1,rule_based_agent,1,400,9,4,1,0,31,36,350,14,400,0.17170262336730957,0.4293,2.0738,0,0,0,1,1
126,550857,3,rule_based_agent_2,rule_based_agent,0,400,3,3,0,1,38,16,153,11,180,0.08016395568847656,0.4454,2.0652,0,1,0,3,0
127,550858,0,benedict_task4,benedict_task4,0,400,3,3,0,1,32,18,134,3,164,0.005820274353027344,0.0355,0.159,0,1,0,2,0
127,550858,1,rule_based_agent_0,rule_based_agent,1,400,1,1,0,0,33,22,369,8,400,0.2124924659729004,0.5312,1.8132,0,0,0,4,0
127,550858,2,rule_based_agent_1,rule_based_agent,0,400,3,3,0,1,26,10,83,4,97,0.024756193161010742,0.2552,1.627,0,1,0,2,0
127,550858,3,rule_based_agent_2,rule_based_agent,1,400,7,2,1,0,34,27,368,5,400,0.21622610092163086,0.5406,2.0511,0,0,0,1,1
128,550859,0,benedict_task4,benedict_task4,1,400,6,1,1,0,24,50,292,32,400,0.04969334602355957,0.1242,0.5238,0,0,0,2,0
128,550859,1,rule_based_agent_0,rule_based_agent,0,400,4,4,0,1,37,25,221,8,256,0.13294696807861328,0.5193,2.2032,0,1,0,3,0
128,550859,2,rule_based_agent_1,rule_based_agent,0,400,1,1,0,1,32,17,165,8,190,0.07542300224304199,0.397,1.8997,0,1,0,4,0
128,550859,3,rule_based_agent_2,rule_based_agent,0,400,8,3,1,1,30,23,225,10,258,0.11736917495727539,0.4549,1.889,0,1,0,1,1
129,550860,0,benedict_task4,benedict_task4,0,291,1,1,0,1,19,10,67,2,87,0.003815889358520508,0.0439,0.165,0,1,0,3,0
129,550860,1,rule_based_agent_0,rule_based_agent,0,291,1,1,0,1,25,14,135,6,155,0.06869888305664062,0.4432,2.2969,0,1,0,3,0
129,550860,2,rule_based_agent_1,rule_based_agent,1,291,2,2,0,0,41,24,258,5,291,0.20578861236572266,0.7072,2.3179,0,0,0,2,0
129,550860,3,rule_based_agent_2,rule_based_agent,0,291,5,5,0,1,37,15,166,6,187,0.07619881629943848,0.4075,2.1503,0,1,0,1,1
130,550861,0,benedict_task4,benedict_task4,0,217,8,3,1,1,40,22,169,4,213,0.012616634368896484,0.0592,0.53,0,1,0,1,1
130,550861,1,rule_based_agent_0,rule_based_agent,1,217,3,3,0,0,40,18,191,3,217,0.07556486129760742,0.3482,1.8651,0,0,0,2,0
130,550861,2,rule_based_agent_1,rule_based_agent,0,217,1,1,0,0,16,5,47,2,54,0.014722585678100586,0.2726,0.6878,0,1,1,4,0
130,550861,3,rule_based_agent_2,rule_based_agent,0,217,2,2,0,1,23,10,91,4,105,0.03075695037841797,0.2929,1.02,0,1,0,3,0
131,550862,0,benedict_task4,benedict_task4,0,235,0,0,0,1,14,16,116,1,136,0.004480600357055664,0.0329,0.0908,0,1,0,4,0
131,550862,1,rule_based_agent_0,rule_based_agent,0,235,5,5,0,1,38,9,82,3,94,0.027882099151611328,0.2966,0.742,0,1,0,1,1
131,550862,2,rule_based_agent_1,rule_based_agent,1,235,2,2,0,0,46,21,208,2,235,0.11932849884033203,0.5078,1.9021,0,0,0,2,0
131,550862,3,rule_based_agent_2,rule_based_agent,0,235,2,2,0,1,26,9,112,2,123,0.039565086364746094,0.3217,0.963,0,1,0,2,0
132,550863,0,benedict_task4,benedict_task4,0,387,9,4,1,1,30,42,296,8,379,0.03876471519470215,0.1023,0.5412,0,1,0,1,1
132,550863,1,rule_based_agent_0,rule_based_agent,0,387,1,1,0,0,32,26,208,10,245,0.11558699607849121,0.4718,1.879,0,1,1,3,0
132,550863,2,rule_based_agent_1,rule_based_agent,0,387,1,1,0,1,21,16,145,6,167,0.056888580322265625,0.3407,1.528,0,1,0,3,0
132,550863,3,rule_based_agent_2,rule_based_agent,1,387,3,3,0,0,36,33,333,9,387,0.19209814071655273,0.4964,1.8139,0,0,0,2,0
133,550864,0,benedict_task4,benedict_task4,1,400,0,0,0,0,36,49,306,17,400,0.03985095024108887,0.0996,0.5169,0,0,0,3,0
133,550864,1,rule_based_agent_0,rule_based_agent,0,400,6,6,0,1,30,26,291,15,336,0.16186857223510742,0.4818,2.347,0,1,0,1,1
133,550864,2,rule_based_agent_1,rule_based_agent,0,400,0,0,0,1,26,24,237,7,268,0.14551091194152832,0.543,2.2721,0,1,0,3,0
133,550864,3,rule_based_agent_2,rule_based_agent,0,400,3,3,0,1,31,11,99,3,113,0.04319047927856445,0.3822,2.4071,0,1,0,2,0
134,550865,0,benedict_task4,benedict_task4,0,400,1,1,0,1,37,18,118,2,158,0.006590843200683594,0.0417,0.247,0,1,0,3,0
134,550865,1,rule_based_agent_0,rule_based_agent,1,400,4,4,0,0,33,29,365,5,400,0.25688743591308594,0.6422,2.2421,0,0,0,1,1
134,550865,2,rule_based_agent_1,rule_based_agent,0,400,1,1,0,1,24,7,53,2,62,0.0170438289642334,0.2749,0.7269,0,1,0,3,0
134,550865,3,rule_based_agent_2,rule_based_agent,1,400,3,3,0,0,36,30,362,7,400,0.2222898006439209,0.5557,2.1923,0,0,0,2,0
135,550866,0,benedict_task4,benedict_task4,0,400,1,1,0,0,26,11,78,6,101,0.0049190521240234375,0.0487,0.2441,0,1,1,4,0
135,550866,1,rule_based_agent_0,rule_based_agent,1,400,2,2,0,0,36,23,362,15,400,0.25765562057495117,0.6441,1.9362,0,0,0,3,0
135,550866,2,rule_based_agent_1,rule_based_agent,1,400,3,3,0,0,32,23,371,6,400,0.24720358848571777,0.618,2.0299,0,0,0,2,0
135,550866,3,rule_based_agent_2,rule_based_agent,0,400,8,3,1,1,28,12,105,5,122,0.04221081733703613,0.346,1.2779,0,1,0,1,1
136,550867,0,benedict_task4,benedict_task4,0,276,1,1,0,0,19,8,54,1,67,0.0029244422912597656,0.0436,0.2098,0,1,1,4,0
136,550867,1,rule_based_agent_0,rule_based_agent,1,276,5,5,0,0,59,23,248,1,276,0.1640772819519043,0.5945,2.2521,0,0,0,2,0
136,550867,2,rule_based_agent_1,rule_based_agent,0,276,2,2,0,0,22,6,68,1,75,0.023977994918823242,0.3197,1.1909,0,1,1,3,0
136,550867,3,rule_based_agent_2,rule_based_agent,0,276,11,1,2,1,33,12,119,5,136,0.04932737350463867,0.3627,1.93,0,1,0,1,1
137,550868,0,benedict_task4,benedict_task4,0,400,4,4,0,1,31,20,148,3,184,0.012730598449707031,0.0692,0.5112,0,1,0,1,1
137,550868,1,rule_based_agent_0,rule_based_agent,1,400,0,0,0,0,31,20,374,6,400,0.2730436325073242,0.6826,1.8711,0,0,0,4,0
137,550868,2,rule_based_agent_1,rule_based_agent,1,400,3,3,0,0,36,18,379,3,400,0.2830963134765625,0.7077,2.2609,0,0,0,2,0
137,550868,3,rule_based_agent_2,rule_based_agent,0,400,2,2,0,1,29,14,115,5,134,0.047200918197631836,0.3522,1.8218,0,1,0,3,0
138,550869,0,benedict_task4,benedict_task4,0,352,2,2,0,1,38,41,277,4,348,0.020888090133666992,0.06,0.4919,0,1,0,2,0
138,550869,1,rule_based_agent_0,rule_based_agent,1,352,10,5,1,0,30,26,313,7,352,0.13994336128234863,0.3976,1.9252,0,0,0,1,1
138,550869,2,rule_based_agent_1,rule_based_agent,0,352,0,0,0,1,33,7,63,2,72,0.02193737030029297,0.3047,1.2968,0,1,0,4,0
138,550869,3,rule_based_agent_2,rule_based_agent,0,352,2,2,0,0,26,25,272,13,310,0.1551525592803955,0.5005,1.9522,0,1,1,2,0
139,550870,0,benedict_task4,benedict_task4,0,252,3,3,0,1,43,31,200,2,248,0.010831117630004883,0.0437,0.4177,0,1,0,2,0
139,550870,1,rule_based_agent_0,rule_based_agent,0,252,0,0,0,1,21,8,63,3,74,0.02595376968383789,0.3507,1.4338,0,1,0,4,0
139,550870,2,rule_based_agent_1,rule_based_agent,1,252,4,4,0,0,39,16,229,3,252,0.10967421531677246,0.4352,1.941,0,0,0,1,1
139,550870,3,rule_based_agent_2,rule_based_agent,0,252,2,2,0,1,18,6,39,2,47,0.01043844223022461,0.2221,0.5801,0,1,0,3,0
140,550871,0,benedict_task4,benedict_task4,0,224,1,1,0,1,29,24,156,3,202,0.009418249130249023,0.0466,0.2699,0,1,0,3,0
140,550871,1,rule_based_agent_0,rule_based_agent,0,224,3,3,0,1,28,10,77,3,90,0.02390122413635254,0.2656,1.1539,0,1,0,2,0
140,550871,2,rule_based_agent_1,rule_based_agent,1,224,4,4,0,0,33,15,202,3,224,0.10000395774841309,0.4464,2.079,0,0,0,1,1
140,550871,3,rule_based_agent_2,rule_based_agent,0,224,1,1,0,1,27,11,87,7,105,0.04009222984313965,0.3818,2.1389,0,1,0,3,0
141,550872,0,benedict_task4,benedict_task4,0,400,0,0,0,1,27,11,64,2,88,0.005761146545410156,0.0655,0.2592,0,1,0,4,0
141,550872,1,rule_based_agent_0,rule_based_agent,0,400,4,4,0,1,22,15,197,7,219,0.07704043388366699,0.3518,2.044,0,1,0,1,1
141,550872,2,rule_based_agent_1,rule_based_agent,1,400,3,3,0,0,35,36,350,14,400,0.17448067665100098,0.4362,1.9631,0,0,0,2,0
141,550872,3,rule_based_agent_2,rule_based_agent,1,400,2,2,0,0,36,38,341,21,400,0.1657547950744629,0.4144,2.3222,0,0,0,3,0
142,550873,0,benedict_task4,benedict_task4,1,400,14,4,2,0,40,49,288,39,400,0.03782773017883301,0.0946,0.417,0,0,0,1,1
142,550873,1,rule_based_agent_0,rule_based_agent,0,400,2,2,0,1,28,12,109,5,126,0.03877735137939453,0.3078,1.5941,0,1,0,2,0
142,550873,2,rule_based_agent_1,rule_based_agent,0,400,1,1,0,1,30,13,141,5,159,0.06587719917297363,0.4143,2.0711,0,1,0,4,0
142,550873,3,rule_based_agent_2,rule_based_agent,0,400,2,2,0,0,22,5,41,1,47,0.01242685317993164,0.2644,0.7379,0,1,1,2,0
143,550874,0,benedict_task4,benedict_task4,0,400,1,1,0,1,32,16,99,1,135,0.005275249481201172,0.0391,0.14,0,1,0,4,0
143,550874,1,rule_based_agent_0,rule_based_agent,1,400,4,4,0,0,23,30,354,16,400,0.20537471771240234,0.5134,2.321,0,0,0,1,1
143,550874,2,rule_based_agent_1,rule_based_agent,1,400,2,2,0,0,42,32,355,13,400,0.20389890670776367,0.5097,2.6472,0,0,0,2,0
143,550874,3,rule_based_agent_2,rule_based_agent,0,400,2,2,0,1,33,26,249,15,290,0.11928439140319824,0.4113,2.0931,0,1,0,2,0
144,550875,0,benedict_task4,benedict_task4,0,400,3,3,0,1,28,18,123,6,163,0.009865283966064453,0.0605,0.319,0,1,0,2,0
144,550875,1,rule_based_agent_0,rule_based_agent,1,400,5,5,0,0,38,35,362,3,400,0.1987626552581787,0.4969,1.869,0,0,0,1,1
144,550875,2,rule_based_agent_1,rule_based_agent,1,400,0,0,0,0,32,32,359,9,400,0.21172213554382324,0.5293,2.0127,0,0,0,4,0
144,550875,3,rule_based_agent_2,rule_based_agent,0,400,1,1,0,1,25,8,67,3,78,0.02123427391052246,0.2722,0.69,0,1,0,3,0
145,550876,0,benedict_task4,benedict_task4,0,400,1,1,0,0,26,12,86,2,110,0.00554347038269043,0.0504,0.2522,0,1,1,4,0
145,550876,1,rule_based_agent_0,rule_based_agent,1,400,7,2,1,0,29,38,354,8,400,0.1835613250732422,0.4589,1.972,0,0,0,1,1
145,550876,2,rule_based_agent_1,rule_based_agent,1,400,5,5,0,0,39,34,353,13,400,0.21905183792114258,0.5476,1.9841,0,0,0,3,0
145,550876,3,rule_based_agent_2,rule_based_agent,0,400,6,1,1,1,29,17,139,7,163,0.0738828182220459,0.4533,1.9009,0,1,0,2,0
146,550877,0,benedict_task4,benedict_task4,0,278,3,3,0,1,25,14,95,0,119,0.004876613616943359,0.041,0.1261,0,1,0,2,0
146,550877,1,rule_based_agent_0,rule_based_agent,0,278,0,0,0,1,18,6,38,7,51,0.011321306228637695,0.222,0.756,0,1,0,4,0
146,550877,2,rule_based_agent_1,rule_based_agent,1,278,4,4,0,0,50,24,250,0,278,0.16767168045043945,0.6031,2.125,0,0,0,1,1
146,550877,3,rule_based_agent_2,rule_based_agent,0,278,2,2,0,1,27,14,139,13,166,0.07473134994506836,0.4502,2.012,0,1,0,3,0
147,550878,0,benedict_task4,benedict_task4,0,400,0,0,0,1,38,20,138,1,172,0.006855010986328125,0.0399,0.2697,0,1,0,4,0
147,550878,1,rule_based_agent_0,rule_based_agent,1,400,5,5,0,0,34,37,347,16,400,0.21377205848693848,0.5344,2.3761,0,0,0,1,1
147,550878,2,rule_based_agent_1,rule_based_agent,1,400,2,2,0,0,34,35,356,9,400,0.176469087600708,0.4412,2.1789,0,0,0,2,0
147,550878,3,rule_based_agent_2,rule_based_agent,0,400,2,2,0,1,17,6,43,3,52,0.010558843612670898,0.2031,0.4957,0,1,0,2,0
148,550879,0,benedict_task4,benedict_task4,1,400,4,4,0,0,36,47,316,12,400,0.04718971252441406,0.118,0.5801,0,0,0,1,1
148,550879,1,rule_based_agent_0,rule_based_agent,0,400,2,2,0,1,34,28,325,10,368,0.20534515380859375,0.558,1.8351,0,1,0,2,0
148,550879,2,rule_based_agent_1,rule_based_agent,0,400,2,2,0,1,21,7,68,5,80,0.020497560501098633,0.2562,0.6971,0,1,0,2,0
148,550879,3,rule_based_agent_2,rule_based_agent,0,400,1,1,0,1,30,13,125,5,143,0.06107139587402344,0.4271,1.961,0,1,0,4,0
149,550880,0,benedict_task4,benedict_task4,0,289,2,2,0,0,15,8,66,1,81,0.003728151321411133,0.046,0.2093,0,1,1,3,0
149,550880,1,rule_based_agent_0,rule_based_agent,0,289,8,3,1,1,26,16,128,8,152,0.07130837440490723,0.4691,2.296,0,1,0,1,1
149,550880,2,rule_based_agent_1,rule_based_agent,0,289,8,3,1,1,34,18,195,11,224,0.08336520195007324,0.3722,3.5143,0,1,0,1,1
149,550880,3,rule_based_agent_2,rule_based_agent,1,289,1,1,0,0,47,25,257,7,289,0.15309524536132812,0.5297,1.9801,0,0,0,4,0
150,550881,0,benedict_task4,benedict_task4,0,400,2,2,0,1,27,10,64,2,85,0.0032300949096679688,0.038,0.0989,0,1,0,2,0
150,550881,1,rule_based_agent_0,rule_based_agent,1,400,3,3,0,0,36,39,348,13,400,0.1856250762939453,0.4641,2.068,0,0,0,1,1
150,550881,2,rule_based_agent_1,rule_based_agent,1,400,2,2,0,0,36,38,349,13,400,0.17571353912353516,0.4393,2.0299,0,0,0,2,0
150,550881,3,rule_based_agent_2,rule_based_agent,0,400,2,2,0,1,23,9,79,8,96,0.04592728614807129,0.4784,2.1777,0,1,0,2,0
151,550882,0,benedict_task4,benedict_task4,1,400,2,2,0,0,25,44,322,8,400,0.04041886329650879,0.101,0.5441,0,0,0,4,0
151,550882,1,rule_based_agent_0,rule_based_agent,0,400,3,3,0,1,28,17,157,6,180,0.06854534149169922,0.3808,2.0609,0,1,0,3,0
151,550882,2,rule_based_agent_1,rule_based_agent,1,400,4,4,0,0,29,35,349,13,400,0.2073497772216797,0.5184,2.1052,0,0,0,2,0
151,550882,3,rule_based_agent_2,rule_based_agent,0,400,5,0,1,1,35,34,295,12,342,0.15169477462768555,0.4436,2.0471,0,1,0,1,1
152,550883,0,benedict_task4,benedict_task4,0,210,8,3,1,1,27,16,109,1,140,0.004939079284667969,0.0353,0.1569,0,1,0,1,1
152,550883,1,rule_based_agent_0,rule_based_agent,0,210,1,1,0,1,30,11,83,6,100,0.030494213104248047,0.3049,1.4651,0,1,0,4,0
152,550883,2,rule_based_agent_1,rule_based_agent,1,210,3,3,0,0,38,15,190,1,210,0.11683487892150879,0.5564,1.9391,0,0,0,2,0
152,550883,3,rule_based_agent_2,rule_based_agent,0,210,2,2,0,1,23,8,62,3,73,0.018229246139526367,0.2497,0.6101,0,1,0,3,0
153,550884,0,benedict_task4,benedict_task4,1,400,3,3,0,0,27,46,321,9,400,0.0475161075592041,0.1188,0.5231,0,0,0,1,1
153,550884,1,rule_based_agent_0,rule_based_agent,0,400,1,1,0,1,36,14,113,3,130,0.043587684631347656,0.3353,1.797,0,1,0,4,0
153,550884,2,rule_based_agent_1,rule_based_agent,0,400,2,2,0,1,38,28,288,21,337,0.19717741012573242,0.5851,1.7684,0,1,0,3,0
153,550884,3,rule_based_agent_2,rule_based_agent,1,400,3,3,0,0,23,34,338,22,400,0.24605870246887207,0.6151,1.9011,0,0,0,1,1
154,550885,0,benedict_task4,benedict_task4,0,391,5,5,0,1,35,39,302,8,383,0.03980255126953125,0.1039,0.567,0,1,0,1,1
154,550885,1,rule_based_agent_0,rule_based_agent,0,391,1,1,0,1,29,14,104,6,124,0.04987645149230957,0.4022,1.3731,0,1,0,4,0
154,550885,2,rule_based_agent_1,rule_based_agent,1,391,5,0,1,0,35,36,337,9,391,0.20630788803100586,0.5276,1.9472,0,0,0,1,1
154,550885,3,rule_based_agent_2,rule_based_agent,0,391,3,3,0,1,24,32,286,16,334,0.1667337417602539,0.4992,1.868,0,1,0,3,0
155,550886,0,benedict_task4,benedict_task4,1,400,3,3,0,0,32,50,290,31,400,0.047631263732910156,0.1191,1.1258,0,0,0,1,1
155,550886,1,rule_based_agent_0,rule_based_agent,0,400,3,3,0,1,26,11,103,4,118,0.04615020751953125,0.3911,3.0179,0,1,0,1,1
155,550886,2,rule_based_agent_1,rule_based_agent,0,400,2,2,0,1,31,18,225,10,257,0.12070178985595703,0.4697,1.9131,0,1,0,3,0
155,550886,3,rule_based_agent_2,rule_based_agent,0,400,1,1,0,1,29,10,81,3,94,0.031571149826049805,0.3359,1.9541,0,1,0,4,0
156,550887,0,benedict_task4,benedict_task4,0,205,1,1,0,1,19,10,59,0,78,0.002730846405029297,0.035,0.1719,0,1,0,3,0
156,550887,1,rule_based_agent_0,rule_based_agent,0,205,1,1,0,1,30,13,117,2,132,0.05324840545654297,0.4034,2.2418,0,1,0,3,0
156,550887,2,rule_based_agent_1,rule_based_agent,1,205,5,5,0,0,39,17,185,3,205,0.1028599739074707,0.5018,1.9429,0,0,0,1,1
156,550887,3,rule_based_agent_2,rule_based_agent,0,205,2,2,0,1,38,12,95,5,112,0.036397457122802734,0.325,1.399,0,1,0,2,0
157,550888,0,benedict_task4,benedict_task4,0,389,9,4,1,1,29,39,308,5,381,0.04331398010253906,0.1137,0.6461,0,1,0,1,1
157,550888,1,rule_based_agent_0,rule_based_agent,0,389,1,1,0,1,20,18,213,11,242,0.11175370216369629,0.4618,1.9522,0,1,0,4,0
157,550888,2,rule_based_agent_1,rule_based_agent,1,389,2,2,0,0,32,36,329,8,389,0.21382522583007812,0.5497,1.9259,0,0,0,2,0
157,550888,3,rule_based_agent_2,rule_based_agent,0,389,2,2,0,0,34,11,114,4,129,0.04489874839782715,0.3481,1.9069,0,1,1,2,0
158,550889,0,benedict_task4,benedict_task4,0,400,3,3,0,1,35,29,230,12,290,0.021152496337890625,0.0729,0.4804,0,1,0,1,1
158,550889,1,rule_based_agent_0,rule_based_agent,1,400,2,2,0,0,30,30,354,13,400,0.21967554092407227,0.5492,2.0931,0,0,0,2,0
158,550889,2,rule_based_agent_1,rule_based_agent,1,400,2,2,0,0,37,30,361,8,400,0.2325272560119629,0.5813,2.5558,0,0,0,2,0
158,550889,3,rule_based_agent_2,rule_based_agent,0,400,2,2,0,1,25,12,110,1,123,0.04793810844421387,0.3897,1.9839,0,1,0,2,0
159,550890,0,benedict_task4,benedict_task4,1,400,9,4,1,0,35,43,311,14,400,0.04175066947937012,0.1044,0.5598,0,0,0,1,1
159,550890,1,rule_based_agent_0,rule_based_agent,0,400,2,2,0,0,28,26,243,11,281,0.13565516471862793,0.4828,2.1081,0,1,1,3,0
159,550890,2,rule_based_agent_1,rule_based_agent,0,400,3,3,0,1,34,27,297,14,342,0.17136049270629883,0.5011,2.0339,0,1,0,2,0
159,550890,3,rule_based_agent_2,rule_based_agent,0,400,0,0,0,1,26,11,89,5,105,0.031989097595214844,0.3047,1.3618,0,1,0,4,0
160,550891,0,benedict_task4,benedict_task4,0,392,1,1,0,1,51,45,300,5,388,0.04018425941467285,0.1036,0.6421,0,1,0,4,0
160,550891,1,rule_based_agent_0,rule_based_agent,0,392,2,2,0,1,23,8,78,3,89,0.022190093994140625,0.2493,0.9649,0,1,0,2,0
160,550891,2,rule_based_agent_1,rule_based_agent,1,392,2,2,0,0,29,35,337,12,392,0.20347929000854492,0.5191,2.1691,0,0,0,2,0
160,550891,3,rule_based_agent_2,rule_based_agent,0,392,4,4,0,1,24,32,267,14,314,0.15947699546813965,0.5079,1.806,0,1,0,1,1
161,550892,0,benedict_task4,benedict_task4,0,275,2,2,0,0,33,17,135,2,169,0.0064966678619384766,0.0384,0.1609,0,1,1,2,0
161,550892,1,rule_based_agent_0,rule_based_agent,1,275,2,2,0,0,24,22,242,5,275,0.10811400413513184,0.3931,2.0261,0,0,0,2,0
161,550892,2,rule_based_agent_1,rule_based_agent,0,275,13,3,2,1,29,22,237,11,271,0.11841249465942383,0.4369,1.8351,0,1,0,1,1
161,550892,3,rule_based_agent_2,rule_based_agent,0,275,2,2,0,0,20,11,95,2,108,0.04766225814819336,0.4413,2.0311,0,1,1,2,0
162,550893,0,benedict_task4,benedict_task4,1,400,9,4,1,0,33,44,323,6,400,0.045992136001586914,0.115,0.5398,0,0,0,1,1
162,550893,1,rule_based_agent_0,rule_based_agent,1,400,3,3,0,0,32,37,344,13,400,0.19150328636169434,0.4788,1.833,0,0,0,2,0
162,550893,2,rule_based_agent_1,rule_based_agent,0,400,1,1,0,1,35,19,188,12,219,0.09296059608459473,0.4245,1.8661,0,1,0,3,0
162,550893,3,rule_based_agent_2,rule_based_agent,0,400,1,1,0,1,22,10,87,7,104,0.03922677040100098,0.3772,2.1331,0,1,0,3,0
163,550894,0,benedict_task4,benedict_task4,1,400,3,3,0,0,43,45,316,4,400,0.039629459381103516,0.0991,0.5271,0,0,0,2,0
163,550894,1,rule_based_agent_0,rule_based_agent,0,400,1,1,0,1,24,9,63,4,76,0.017987966537475586,0.2367,0.8121,0,1,0,3,0
163,550894,2,rule_based_agent_1,rule_based_agent,1,400,1,1,0,0,27,34,349,8,400,0.20392656326293945,0.5098,1.848,0,0,0,3,0
163,550894,3,rule_based_agent_2,rule_based_agent,0,400,4,4,0,1,30,22,233,9,264,0.12821650505065918,0.4857,2.322,0,1,0,1,1
164,550895,0,benedict_task4,benedict_task4,1,400,4,4,0,0,32,47,290,30,400,0.04750800132751465,0.1188,0.531,0,0,0,1,1
164,550895,1,rule_based_agent_0,rule_based_agent,0,400,1,1,0,1,35,26,231,16,276,0.11004018783569336,0.3987,1.878,0,1,0,3,0
164,550895,2,rule_based_agent_1,rule_based_agent,0,400,1,1,0,1,21,19,191,12,222,0.09332776069641113,0.4204,2.0099,0,1,0,3,0
164,550895,3,rule_based_agent_2,rule_based_agent,0,400,3,3,0,1,27,15,129,5,149,0.06625628471374512,0.4447,1.9143,0,1,0,2,0
165,550896,0,benedict_task4,benedict_task4,0,400,3,3,0,1,40,17,108,3,143,0.004238128662109375,0.0296,0.0992,0,1,0,1,1
165,550896,1,rule_based_agent_0,rule_based_agent,1,400,3,3,0,0,22,33,361,6,400,0.17144513130187988,0.4286,2.1713,0,0,0,1,1
165,550896,2,rule_based_agent_1,rule_based_agent,1,400,2,2,0,0,28,37,356,7,400,0.19640326499938965,0.491,2.0359,0,0,0,3,0
165,550896,3,rule_based_agent_2,rule_based_agent,0,400,1,1,0,1,28,7,53,3,63,0.01396322250366211,0.2216,0.596,0,1,0,4,0
166,550897,0,benedict_task4,benedict_task4,0,249,4,4,0,0,33,24,185,3,227,0.02285909652709961,0.1007,0.643,0,1,1,2,0
166,550897,1,rule_based_agent_0,rule_based_agent,1,249,2,2,0,0,26,24,211,10,249,0.10339188575744629,0.4152,1.8749,0,0,0,3,0
166,550897,2,rule_based_agent_1,rule_based_agent,0,249,7,2,1,1,33,25,205,12,245,0.11427569389343262,0.4664,1.878,0,1,0,1,1
166,550897,3,rule_based_agent_2,rule_based_agent,0,249,1,1,0,1,31,10,67,3,80,0.01747751235961914,0.2185,0.7069,0,1,0,4,0
167,550898,0,benedict_task4,benedict_task4,1,400,3,3,0,0,31,43,325,2,400,0.0437166690826416,0.1093,0.5648,0,0,0,1,1
167,550898,1,rule_based_agent_0,rule_based_agent,0,400,2,2,0,1,19,7,71,5,83,0.02288341522216797,0.2757,0.628,0,1,0,2,0
167,550898,2,rule_based_agent_1,rule_based_agent,1,400,2,2,0,0,26,37,348,10,400,0.2524259090423584,0.6311,2.2602,0,0,0,2,0
167,550898,3,rule_based_agent_2,rule_based_agent,0,400,2,2,0,1,31,23,231,3,257,0.10596704483032227,0.4123,1.996,0,1,0,2,0
168,550899,0,benedict_task4,benedict_task4,1,400,1,1,0,0,40,53,272,48,400,0.04083561897277832,0.1021,0.5572,0,0,0,3,0
168,550899,1,rule_based_agent_0,rule_based_agent,0,400,1,1,0,1,18,6,59,3,68,0.022642135620117188,0.333,0.839,0,1,0,3,0
168,550899,2,rule_based_agent_1,rule_based_agent,0,400,5,5,0,1,34,14,149,4,167,0.0733785629272461,0.4394,2.1732,0,1,0,1,1
168,550899,3,rule_based_agent_2,rule_based_agent,0,400,2,2,0,1,31,16,176,4,197,0.0664365291595459,0.3372,1.945,0,1,0,2,0
169,550900,0,benedict_task4,benedict_task4,0,238,1,1,0,1,19,7,40,1,54,0.0014615058898925781,0.0271,0.0539,0,1,0,4,0
169,550900,1,rule_based_agent_0,rule_based_agent,1,238,3,3,0,0,47,19,210,5,238,0.12393307685852051,0.5207,2.192,0,0,0,1,1
169,550900,2,rule_based_agent_1,rule_based_agent,0,238,2,2,0,1,35,22,179,5,206,0.09720444679260254,0.4719,2.0108,0,1,0,3,0
169,550900,3,rule_based_agent_2,rule_based_agent,0,238,3,3,0,1,27,15,160,5,180,0.06267523765563965,0.3482,1.9979,0,1,0,1,1
170,550901,0,benedict_task4,benedict_task4,1,400,2,2,0,0,26,45,326,9,400,0.045075178146362305,0.1127,0.5999,0,0,0,3,0
170,550901,1,rule_based_agent_0,rule_based_agent,1,400,1,1,0,0,34,39,346,12,400,0.16115379333496094,0.4029,1.8137,0,0,0,4,0
170,550901,2,rule_based_agent_1,rule_based_agent,0,400,3,3,0,1,28,28,295,11,335,0.16938996315002441,0.5056,1.9391,0,1,0,1,1
170,550901,3,rule_based_agent_2,rule_based_agent,0,400,3,3,0,1,29,20,185,14,219,0.0783989429473877,0.358,1.8711,0,1,0,1,1
171,550902,0,benedict_task4,benedict_task4,0,393,2,2,0,1,31,45,311,6,389,0.034654855728149414,0.0891,0.5782,0,1,0,2,0
171,550902,1,rule_based_agent_0,rule_based_agent,0,393,1,1,0,1,29,8,75,1,84,0.02027583122253418,0.2414,0.6502,0,1,0,3,0
171,550902,2,rule_based_agent_1,rule_based_agent,1,393,5,5,0,0,44,30,341,10,393,0.1908721923828125,0.4857,2.224,0,0,0,1,1
171,550902,3,rule_based_agent_2,rule_based_agent,0,393,1,1,0,1,17,9,90,1,100,0.029790163040161133,0.2979,1.09,0,1,0,3,0
172,550903,0,benedict_task4,benedict_task4,0,264,3,3,0,1,43,29,203,3,260,0.012614965438842773,0.0485,0.514,0,1,0,2,0
172,550903,1,rule_based_agent_0,rule_based_agent,0,264,2,2,0,1,24,11,115,7,133,0.04361391067504883,0.3279,2.2249,0,1,0,3,0
172,550903,2,rule_based_agent_1,rule_based_agent,0,264,0,0,0,1,18,6,43,3,52,0.011570453643798828,0.2225,0.5801,0,1,0,4,0
172,550903,3,rule_based_agent_2,rule_based_agent,1,264,4,4,0,0,41,21,235,2,264,0.11524438858032227,0.4365,2.058,0,0,0,1,1
173,550904,0,benedict_task4,benedict_task4,0,400,1,1,0,0,33,21,157,3,195,0.008959054946899414,0.0459,0.15,0,1,1,3,0
173,550904,1,rule_based_agent_0,rule_based_agent,1,400,7,2,1,0,43,24,370,6,400,0.2691993713378906,0.673,2.9089,0,0,0,2,0
173,550904,2,rule_based_agent_1,rule_based_agent,1,400,10,5,1,0,34,21,373,6,400,0.29200243949890137,0.73,3.0658,0,0,0,1,1
173,550904,3,rule_based_agent_2,rule_based_agent,0,400,1,1,0,1,25,9,69,4,82,0.02521538734436035,0.3075,1.3309,0,1,0,3,0
174,550905,0,benedict_task4,benedict_task4,1,400,3,3,0,0,54,45,322,3,400,0.0390324592590332,0.0976,0.6628,0,0,0,2,0
174,550905,1,rule_based_agent_0,rule_based_agent,0,400,0,0,0,1,10,4,39,3,46,0.014381170272827148,0.3126,0.7548,0,1,0,4,0
174,550905,2,rule_based_agent_1,rule_based_agent,0,400,2,2,0,1,19,8,61,7,76,0.020541667938232422,0.2703,1.0691,0,1,0,3,0
174,550905,3,rule_based_agent_2,rule_based_agent,1,400,4,4,0,0,31,29,351,12,400,0.20765948295593262,0.5191,2.4691,0,0,0,1,1
175,550906,0,benedict_task4,benedict_task4,0,263,1,1,0,1,20,17,119,3,150,0.010257482528686523,0.0684,0.289,0,1,0,4,0
175,550906,1,rule_based_agent_0,rule_based_agent,0,263,2,2,0,1,35,17,165,7,189,0.06968998908996582,0.3687,2.012,0,1,0,3,0
175,550906,2,rule_based_agent_1,rule_based_agent,1,263,3,3,0,0,46,22,232,5,263,0.12482786178588867,0.4746,1.9979,0,0,0,1,1
175,550906,3,rule_based_agent_2,rule_based_agent,0,263,3,3,0,1,32,11,105,8,124,0.03492259979248047,0.2816,1.236,0,1,0,1,1
176,550907,0,benedict_task4,benedict_task4,0,224,2,2,0,1,29,11,97,1,121,0.005312442779541016,0.0439,0.15,0,1,0,2,0
176,550907,1,rule_based_agent_0,rule_based_agent,0,224,1,1,0,1,17,5,39,5,49,0.012545108795166016,0.256,0.9141,0,1,0,3,0
176,550907,2,rule_based_agent_1,rule_based_agent,1,224,5,5,0,0,49,20,198,2,224,0.11636137962341309,0.5195,2.0711,0,0,0,1,1
176,550907,3,rule_based_agent_2,rule_based_agent,0,224,1,1,0,1,24,11,119,6,136,0.054830074310302734,0.4032,1.637,0,1,0,3,0
177,550908,0,benedict_task4,benedict_task4,1,400,1,1,0,0,28,51,291,30,400,0.04465293884277344,0.1116,0.5152,0,0,0,4,0
177,550908,1,rule_based_agent_0,rule_based_agent,0,400,2,2,0,1,30,14,139,5,158,0.05606698989868164,0.3549,2.0211,0,1,0,3,0
177,550908,2,rule_based_agent_1,rule_based_agent,0,400,3,3,0,0,25,9,102,2,113,0.04127907752990723,0.3653,2.212,0,1,1,2,0
177,550908,3,rule_based_agent_2,rule_based_agent,0,400,8,3,1,1,42,22,227,16,272,0.14260005950927734,0.5243,2.1629,0,1,0,1,1
178,550909,0,benedict_task4,benedict_task4,0,198,2,2,0,1,39,17,101,1,137,0.004610300064086914,0.0337,0.1559,0,1,0,2,0
178,550909,1,rule_based_agent_0,rule_based_agent,0,198,5,5,0,1,29,9,97,1,107,0.03633475303649902,0.3396,1.4939,0,1,0,1,1
178,550909,2,rule_based_agent_1,rule_based_agent,1,198,2,2,0,0,36,18,179,1,198,0.09955358505249023,0.5028,1.9782,0,0,0,2,0
178,550909,3,rule_based_agent_2,rule_based_agent,0,198,0,0,0,1,14,5,36,2,43,0.010699272155761719,0.2488,0.5441,0,1,0,4,0
179,550910,0,benedict_task4,benedict_task4,0,400,1,1,0,1,37,39,269,4,337,0.03292584419250488,0.0977,0.7541,0,1,0,4,0
179,550910,1,rule_based_agent_0,rule_based_agent,1,400,3,3,0,0,29,33,353,11,400,0.2138204574584961,0.5346,2.1279,0,0,0,1,1
179,550910,2,rule_based_agent_1,rule_based_agent,0,400,2,2,0,1,25,6,43,1,50,0.01395273208618164,0.2791,0.7229,0,1,0,3,0
179,550910,3,rule_based_agent_2,rule_based_agent,1,400,3,3,0,0,28,34,358,8,400,0.1952981948852539,0.4882,2.2018,0,0,0,1,1
180,550911,0,benedict_task4,benedict_task4,0,400,7,7,0,1,32,21,136,3,173,0.008072614669799805,0.0467,0.2971,0,1,0,1,1
180,550911,1,rule_based_agent_0,rule_based_agent,1,400,0,0,0,0,34,37,350,13,400,0.19695663452148438,0.4924,1.848,0,0,0,3,0
180,550911,2,rule_based_agent_1,rule_based_agent,1,400,0,0,0,0,22,36,355,8,400,0.2199554443359375,0.5499,1.792,0,0,0,3,0
180,550911,3,rule_based_agent_2,rule_based_agent,0,400,2,2,0,1,27,10,90,4,104,0.026697158813476562,0.2567,0.947,0,1,0,2,0
181,550912,0,benedict_task4,benedict_task4,0,400,0,0,0,1,25,12,68,2,90,0.002462148666381836,0.0274,0.0861,0,1,0,4,0
181,550912,1,rule_based_agent_0,rule_based_agent,1,400,4,4,0,0,49,30,359,11,400,0.228165864944458,0.5704,2.131,0,0,0,1,1
181,550912,2,rule_based_agent_1,rule_based_agent,1,400,3,3,0,0,20,27,364,9,400,0.2255995273590088,0.564,2.2159,0,0,0,2,0
181,550912,3,rule_based_agent_2,rule_based_agent,0,400,2,2,0,1,30,9,55,9,73,0.014663934707641602,0.2009,0.7198,0,1,0,3,0
182,550913,0,benedict_task4,benedict_task4,1,400,2,2,0,0,34,48,315,7,400,0.04635310173034668,0.1159,0.5679,0,0,0,4,0
182,550913,1,rule_based_agent_0,rule_based_agent,0,400,5,0,1,1,31,18,159,11,188,0.07799005508422852,0.4148,1.8101,0,1,0,2,0
182,550913,2,rule_based_agent_1,rule_based_agent,1,400,8,3,1,0,29,35,343,14,400,0.21971583366394043,0.5493,2.1961,0,0,0,1,1
182,550913,3,rule_based_agent_2,rule_based_agent,0,400,4,4,0,1,26,11,85,3,99,0.02376389503479004,0.24,0.7048,0,1,0,3,0
183,550914,0,benedict_task4,benedict_task4,0,400,2,2,0,1,27,10,64,3,87,0.0033464431762695312,0.0385,0.15,0,1,0,3,0
183,550914,1,rule_based_agent_0,rule_based_agent,0,400,1,1,0,1,31,14,144,6,164,0.05449986457824707,0.3323,1.936,0,1,0,4,0
183,550914,2,rule_based_agent_1,rule_based_agent,1,400,3,3,0,0,24,29,364,7,400,0.24023056030273438,0.6006,2.084,0,0,0,1,1
183,550914,3,rule_based_agent_2,rule_based_agent,1,400,3,3,0,0,37,23,371,6,400,0.24393129348754883,0.6098,2.0323,0,0,0,1,1
184,550915,0,benedict_task4,benedict_task4,0,400,1,1,0,1,12,8,44,2,59,0.0025970935821533203,0.044,0.1342,0,1,0,4,0
184,550915,1,rule_based_agent_0,rule_based_agent,1,400,2,2,0,0,49,37,356,7,400,0.1904761791229248,0.4762,2.248,0,0,0,3,0
184,550915,2,rule_based_agent_1,rule_based_agent,0,400,7,2,1,1,23,10,86,6,102,0.028469085693359375,0.2791,0.9162,0,1,0,2,0
184,550915,3,rule_based_agent_2,rule_based_agent,1,400,9,4,1,0,45,36,353,11,400,0.20187044143676758,0.5047,2.4469,0,0,0,1,1
185,550916,0,benedict_task4,benedict_task4,0,359,1,1,0,1,13,6,40,1,49,0.002396106719970703,0.0489,0.2141,0,1,0,4,0
185,550916,1,rule_based_agent_0,rule_based_agent,0,359,6,1,1,1,32,29,267,8,304,0.13206195831298828,0.4344,2.0978,0,1,0,1,1
185,550916,2,rule_based_agent_1,rule_based_agent,0,359,2,2,0,1,20,16,183,7,206,0.08472180366516113,0.4113,2.1648,0,1,0,3,0
185,550916,3,rule_based_agent_2,rule_based_agent,1,359,5,5,0,0,47,30,318,7,359,0.21123075485229492,0.5884,2.1098,0,0,0,2,0
186,550917,0,benedict_task4,benedict_task4,0,312,2,2,0,1,31,34,245,9,308,0.026090145111083984,0.0847,0.5393,0,1,0,2,0
186,550917,1,rule_based_agent_0,rule_based_agent,1,312,2,2,0,0,25,26,271,9,312,0.1526508331298828,0.4893,2.1269,0,0,0,2,0
186,550917,2,rule_based_agent_1,rule_based_agent,0,312,0,0,0,1,34,14,119,7,140,0.0479283332824707,0.3423,1.8811,0,1,0,4,0
186,550917,3,rule_based_agent_2,rule_based_agent,0,312,5,5,0,1,37,27,255,18,300,0.13548994064331055,0.4516,2.002,0,1,0,1,1
187,550918,0,benedict_task4,benedict_task4,0,314,1,1,0,1,29,37,245,7,310,0.0284273624420166,0.0917,0.4799,0,1,0,3,0
187,550918,1,rule_based_agent_0,rule_based_agent,0,314,1,1,0,1,20,9,93,3,105,0.038995981216430664,0.3714,1.77,0,1,0,3,0
187,550918,2,rule_based_agent_1,rule_based_agent,1,314,3,3,0,0,40,27,273,6,314,0.1591172218322754,0.5067,1.9281,0,0,0,2,0
187,550918,3,rule_based_agent_2,rule_based_agent,0,314,4,4,0,1,43,24,217,9,251,0.10909247398376465,0.4346,2.0633,0,1,0,1,1
188,550919,0,benedict_task4,benedict_task4,0,400,1,1,0,1,11,5,30,1,39,0.0010042190551757812,0.0257,0.0558,0,1,0,4,0
188,550919,1,rule_based_agent_0,rule_based_agent,1,400,3,3,0,0,41,37,355,8,400,0.18365120887756348,0.4591,2.157,0,0,0,1,1
188,550919,2,rule_based_agent_1,rule_based_agent,1,400,3,3,0,0,28,36,355,9,400,0.18114328384399414,0.4529,2.063,0,0,0,1,1
188,550919,3,rule_based_agent_2,rule_based_agent,0,400,2,2,0,1,48,14,115,7,136,0.04213714599609375,0.3098,1.878,0,1,0,3,0
189,550920,0,benedict_task4,benedict_task4,1,400,2,2,0,0,42,47,316,5,400,0.04131364822387695,0.1033,0.541,0,0,0,2,0
189,550920,1,rule_based_agent_0,rule_based_agent,0,400,2,2,0,1,18,6,45,4,55,0.012427806854248047,0.226,0.4318,0,1,0,2,0
189,550920,2,rule_based_agent_1,rule_based_agent,1,400,3,3,0,0,28,33,343,16,400,0.20337915420532227,0.5084,1.838,0,0,0,1,1
189,550920,3,rule_based_agent_2,rule_based_agent,0,400,2,2,0,1,33,19,203,9,231,0.09076881408691406,0.3929,1.9002,0,1,0,2,0
190,550921,0,benedict_task4,benedict_task4,0,400,2,2,0,0,19,7,55,1,69,0.002468585968017578,0.0358,0.1571,0,1,1,3,0
190,550921,1,rule_based_agent_0,rule_based_agent,1,400,2,2,0,0,42,34,350,16,400,0.21954631805419922,0.5489,1.8661,0,0,0,3,0
190,550921,2,rule_based_agent_1,rule_based_agent,1,400,7,2,1,0,36,36,353,11,400,0.19866657257080078,0.4967,2.3038,0,0,0,2,0
190,550921,3,rule_based_agent_2,rule_based_agent,0,400,8,3,1,1,34,20,197,14,231,0.09951448440551758,0.4308,2.0263,0,1,0,1,1
191,550922,0,benedict_task4,benedict_task4,0,334,3,3,0,1,40,26,190,2,235,0.011402130126953125,0.0485,0.3009,0,1,0,2,0
191,550922,1,rule_based_agent_0,rule_based_agent,0,334,1,1,0,1,33,11,98,1,110,0.04344892501831055,0.395,2.368,0,1,0,3,0
191,550922,2,rule_based_agent_1,rule_based_agent,0,334,1,1,0,1,12,27,289,12,330,0.16242456436157227,0.4922,1.9011,0,1,0,3,0
191,550922,3,rule_based_agent_2,rule_based_agent,1,334,4,4,0,0,33,31,291,7,334,0.11794257164001465,0.3531,1.7161,0,0,0,1,1
192,550923,0,benedict_task4,benedict_task4,0,337,3,3,0,1,31,36,267,5,333,0.03641557693481445,0.1094,0.5031,0,1,0,1,1
192,550923,1,rule_based_agent_0,rule_based_agent,0,337,1,1,0,1,26,24,255,12,291,0.15322351455688477,0.5265,1.848,0,1,0,4,0
192,550923,2,rule_based_agent_1,rule_based_agent,0,337,2,2,0,1,33,10,91,6,107,0.031203269958496094,0.2916,1.4329,0,1,0,3,0
192,550923,3,rule_based_agent_2,rule_based_agent,1,337,3,3,0,0,39,30,287,15,337,0.15361833572387695,0.4558,2.008,0,0,0,1,1
193,550924,0,benedict_task4,benedict_task4,1,400,8,3,1,0,29,42,326,12,400,0.04854321479797363,0.1214,0.577,0,0,0,1,1
193,550924,1,rule_based_agent_0,rule_based_agent,0,400,1,1,0,1,28,13,138,9,160,0.06285405158996582,0.3928,1.8709,0,1,0,3,0
193,550924,2,rule_based_agent_1,rule_based_agent,0,400,4,4,0,1,34,21,229,12,263,0.13233590126037598,0.5032,2.0707,0,1,0,2,0
193,550924,3,rule_based_agent_2,rule_based_agent,1,400,1,1,0,0,32,31,351,12,400,0.20731091499328613,0.5183,1.9219,0,0,0,3,0
194,550925,0,benedict_task4,benedict_task4,0,389,8,3,1,1,29,46,308,5,381,0.03741645812988281,0.0982,0.5419,0,1,0,1,1
194,550925,1,rule_based_agent_0,rule_based_agent,0,389,3,3,0,1,28,12,115,6,133,0.04494833946228027,0.338,1.7841,0,1,0,3,0
194,550925,2,rule_based_agent_1,rule_based_agent,1,389,6,1,1,0,28,30,333,8,389,0.19222712516784668,0.4942,1.7419,0,0,0,2,0
194,550925,3,rule_based_agent_2,rule_based_agent,0,389,2,2,0,1,31,10,87,5,102,0.026408672332763672,0.2589,0.9451,0,1,0,4,0
195,550926,0,benedict_task4,benedict_task4,0,230,5,5,0,1,35,9,76,1,96,0.003487110137939453,0.0363,0.1919,0,1,0,2,0
195,550926,1,rule_based_agent_0,rule_based_agent,0,230,0,0,0,0,26,9,80,5,94,0.029584884643554688,0.3147,1.1451,0,1,1,4,0
195,550926,2,rule_based_agent_1,rule_based_agent,1,230,6,1,1,0,42,21,204,1,230,0.12061381340026855,0.5244,2.1093,0,0,0,1,1
195,550926,3,rule_based_agent_2,rule_based_agent,0,230,3,3,0,1,29,13,107,6,126,0.031984806060791016,0.2538,0.982,0,1,0,3,0
196,550927,0,benedict_task4,benedict_task4,0,333,3,3,0,1,50,38,252,5,325,0.02302694320678711,0.0709,0.4261,0,1,0,1,1
196,550927,1,rule_based_agent_0,rule_based_agent,0,333,3,3,0,1,29,12,108,2,122,0.03681015968322754,0.3017,2.0702,0,1,0,1,1
196,550927,2,rule_based_agent_1,rule_based_agent,1,333,2,2,0,0,33,24,295,5,333,0.13051247596740723,0.3919,2.0919,0,0,0,3,0
196,550927,3,rule_based_agent_2,rule_based_agent,0,333,1,1,0,1,19,12,127,5,144,0.04591536521911621,0.3189,1.3659,0,1,0,4,0
197,550928,0,benedict_task4,benedict_task4,1,400,1,1,0,0,41,52,296,27,400,0.028181791305541992,0.0705,0.493,0,0,0,2,0
197,550928,1,rule_based_agent_0,rule_based_agent,0,400,7,7,0,1,47,23,263,5,295,0.12261366844177246,0.4156,2.0669,0,1,0,1,1
197,550928,2,rule_based_agent_1,rule_based_agent,0,400,0,0,0,1,22,8,65,5,78,0.022855281829833984,0.293,1.1511,0,1,0,4,0
197,550928,3,rule_based_agent_2,rule_based_agent,0,400,1,1,0,1,19,7,65,4,76,0.02377939224243164,0.3129,1.9441,0,1,0,2,0
198,550929,0,benedict_task4,benedict_task4,1,241,5,5,0,0,33,25,193,4,241,0.012325763702392578,0.0511,0.3312,0,0,0,1,1
198,550929,1,rule_based_agent_0,rule_based_agent,0,241,4,4,0,1,33,8,84,2,94,0.03139948844909668,0.334,1.1997,0,1,0,2,0
198,550929,2,rule_based_agent_1,rule_based_agent,0,241,0,0,0,1,14,6,44,2,52,0.012887239456176758,0.2478,1.334,0,1,0,3,0
198,550929,3,rule_based_agent_2,rule_based_agent,0,241,0,0,0,1,44,15,182,4,201,0.07468700408935547,0.3716,1.75,0,1,0,3,0
199,550930,0,benedict_task4,benedict_task4,0,400,2,2,0,0,19,12,101,2,124,0.008700132369995117,0.0702,0.288,0,1,1,3,0
199,550930,1,rule_based_agent_0,rule_based_agent,1,400,1,1,0,0,36,36,357,7,400,0.17042064666748047,0.4261,1.8921,0,0,0,4,0
199,550930,2,rule_based_agent_1,rule_based_agent,1,400,5,5,0,0,31,39,352,9,400,0.17193365097045898,0.4298,1.9782,0,0,0,2,0
199,550930,3,rule_based_agent_2,rule_based_agent,0,400,6,1,1,1,33,12,110,2,124,0.03993344306945801,0.322,1.5168,0,1,0,1,1
200,550931,0,benedict_task4,benedict_task4,0,245,3,3,0,1,27,10,66,0,87,0.0029523372650146484,0.0339,0.1626,0,1,0,1,1
200,550931,1,rule_based_agent_0,rule_based_agent,0,245,3,3,0,1,20,10,103,6,119,0.03907918930053711,0.3284,1.8749,0,1,0,1,1
200,550931,2,rule_based_agent_1,rule_based_agent,0,245,1,1,0,1,23,15,149,4,168,0.06040620803833008,0.3596,1.7631,0,1,0,4,0
200,550931,3,rule_based_agent_2,rule_based_agent,1,245,2,2,0,0,56,23,219,3,245,0.15141677856445312,0.618,2.502,0,0,0,3,0
201,550932,0,benedict_task4,benedict_task4,1,400,15,5,2,0,53,44,314,5,400,0.032453060150146484,0.0811,0.4938,0,0,0,1,1
201,550932,1,rule_based_agent_0,rule_based_agent,0,400,0,0,0,0,18,5,29,2,36,0.00823211669921875,0.2287,0.4528,0,1,1,3,0
201,550932,2,rule_based_agent_1,rule_based_agent,1,400,4,4,0,0,30,29,351,10,400,0.18642091751098633,0.4661,1.8911,0,0,0,2,0
201,550932,3,rule_based_agent_2,rule_based_agent,0,400,0,0,0,0,22,8,60,3,71,0.017229318618774414,0.2427,0.7889,0,1,1,3,0
202,550933,0,benedict_task4,benedict_task4,1,400,4,4,0,0,31,45,328,8,400,0.04471540451049805,0.1118,0.535,0,0,0,1,1
202,550933,1,rule_based_agent_0,rule_based_agent,0,400,2,2,0,1,30,8,69,6,83,0.02338576316833496,0.2818,0.927,0,1,0,2,0
202,550933,2,rule_based_agent_1,rule_based_agent,0,400,2,2,0,1,33,25,247,13,286,0.14411187171936035,0.5039,1.8969,0,1,0,2,0
202,550933,3,rule_based_agent_2,rule_based_agent,1,400,1,1,0,0,31,32,348,13,400,0.2508258819580078,0.6271,2.4729,0,0,0,4,0
203,550934,0,benedict_task4,benedict_task4,1,400,8,3,1,0,32,45,324,7,400,0.04097580909729004,0.1024,0.5732,0,0,0,1,1
203,550934,1,rule_based_agent_0,rule_based_agent,1,400,4,4,0,0,34,34,343,14,400,0.1979663372039795,0.4949,1.8609,0,0,0,2,0
203,550934,2,rule_based_agent_1,rule_based_agent,0,400,2,2,0,1,29,19,203,16,238,0.12467741966247559,0.5239,1.848,0,1,0,3,0
203,550934,3,rule_based_agent_2,rule_based_agent,0,400,0,0,0,1,27,18,185,11,214,0.0866401195526123,0.4049,1.7722,0,1,0,4,0
204,550935,0,benedict_task4,benedict_task4,0,308,8,3,1,1,35,34,241,2,304,0.029129981994628906,0.0958,0.6108,0,1,0,2,0
204,550935,1,rule_based_agent_0,rule_based_agent,0,308,1,1,0,1,40,16,145,2,163,0.05727672576904297,0.3514,1.5411,0,1,0,3,0
204,550935,2,rule_based_agent_1,rule_based_agent,1,308,1,1,0,0,19,26,263,11,308,0.15428519248962402,0.5009,1.8599,0,0,0,3,0
204,550935,3,rule_based_agent_2,rule_based_agent,0,308,9,4,1,1,23,22,203,12,237,0.09297013282775879,0.3923,1.8611,0,1,0,1,1
205,550936,0,benedict_task4,benedict_task4,1,400,3,3,0,0,33,43,327,4,400,0.03911757469177246,0.0978,0.56,0,0,0,2,0
205,550936,1,rule_based_agent_0,rule_based_agent,0,400,0,0,0,1,23,7,53,4,64,0.01609015464782715,0.2514,0.653,0,1,0,4,0
205,550936,2,rule_based_agent_1,rule_based_agent,1,400,4,4,0,0,42,33,356,8,400,0.22860360145568848,0.5715,1.899,0,0,0,1,1
205,550936,3,rule_based_agent_2,rule_based_agent,0,400,2,2,0,1,27,27,327,17,376,0.2044224739074707,0.5437,2.0342,0,1,0,3,0
206,550937,0,benedict_task4,benedict_task4,0,342,2,2,0,1,22,8,62,1,76,0.003420591354370117,0.045,0.1941,0,1,0,2,0
206,550937,1,rule_based_agent_0,rule_based_agent,0,342,9,4,1,1,38,32,297,9,338,0.17885589599609375,0.5292,2.2609,0,1,0,1,1
206,550937,2,rule_based_agent_1,rule_based_agent,1,342,2,2,0,0,30,32,302,4,342,0.18070125579833984,0.5284,2.1729,0,0,0,2,0
206,550937,3,rule_based_agent_2,rule_based_agent,0,342,1,1,0,1,20,10,105,6,121,0.04256272315979004,0.3518,2.1682,0,1,0,4,0
207,550938,0,benedict_task4,benedict_task4,0,400,4,4,0,1,25,16,120,2,149,0.005799293518066406,0.0389,0.1791,0,1,0,2,0
207,550938,1,rule_based_agent_0,rule_based_agent,1,400,8,3,1,0,36,33,359,7,400,0.25841188430786133,0.646,2.2728,0,0,0,1,1
207,550938,2,rule_based_agent_1,rule_based_agent,1,400,1,1,0,0,35,35,350,14,400,0.2456495761871338,0.6141,2.2602,0,0,0,3,0
207,550938,3,rule_based_agent_2,rule_based_agent,0,400,1,1,0,1,28,10,79,3,92,0.024745702743530273,0.269,2.1169,0,1,0,3,0
208,550939,0,benedict_task4,benedict_task4,0,400,1,1,0,1,12,6,34,0,43,0.0014925003051757812,0.0347,0.1137,0,1,0,4,0
208,550939,1,rule_based_agent_0,rule_based_agent,0,400,3,3,0,1,34,19,179,5,203,0.0846548080444336,0.417,1.9977,0,1,0,1,1
208,550939,2,rule_based_agent_1,rule_based_agent,1,400,2,2,0,0,38,35,352,13,400,0.22426962852478027,0.5607,2.0671,0,0,0,3,0
208,550939,3,rule_based_agent_2,rule_based_agent,1,400,3,3,0,0,44,29,365,6,400,0.21713995933532715,0.5428,2.0301,0,0,0,1,1
209,550940,0,benedict_task4,benedict_task4,1,400,1,1,0,0,38,47,318,6,400,0.038822174072265625,0.0971,0.56,0,0,0,4,0
209,550940,1,rule_based_agent_0,rule_based_agent,0,400,4,4,0,1,24,13,133,7,153,0.06134510040283203,0.4009,2.0401,0,1,0,1,1
209,550940,2,rule_based_agent_1,rule_based_agent,1,400,2,2,0,0,28,27,357,8,400,0.20795869827270508,0.5199,2.039,0,0,0,2,0
209,550940,3,rule_based_agent_2,rule_based_agent,0,400,2,2,0,1,25,8,99,3,110,0.04320383071899414,0.3928,2.2101,0,1,0,2,0
210,550941,0,benedict_task4,benedict_task4,0,252,8,3,1,1,36,26,188,6,242,0.020098209381103516,0.0831,0.5312,0,1,0,1,1
210,550941,1,rule_based_agent_0,rule_based_agent,1,252,1,1,0,0,21,24,213,9,252,0.09872937202453613,0.3918,1.8146,0,0,0,4,0
210,550941,2,rule_based_agent_1,rule_based_agent,0,252,2,2,0,0,39,14,137,6,157,0.0554046630859375,0.3529,1.7669,0,1,1,3,0
210,550941,3,rule_based_agent_2,rule_based_agent,0,252,3,3,0,1,31,23,213,9,245,0.09987449645996094,0.4077,1.924,0,1,0,2,0
211,550942,0,benedict_task4,benedict_task4,1,400,2,2,0,0,34,49,283,41,400,0.042188167572021484,0.1055,0.524,0,0,0,2,0
211,550942,1,rule_based_agent_0,rule_based_agent,0,400,5,5,0,1,45,16,163,4,183,0.06399989128112793,0.3497,2.069,0,1,0,1,1
211,550942,2,rule_based_agent_1,rule_based_agent,0,400,1,1,0,1,20,8,63,8,79,0.021193742752075195,0.2683,0.7348,0,1,0,3,0
211,550942,3,rule_based_agent_2,rule_based_agent,0,400,1,1,0,1,24,12,119,3,134,0.05206465721130371,0.3885,2.2171,0,1,0,3,0
212,550943,0,benedict_task4,benedict_task4,1,400,4,4,0,0,34,47,300,26,400,0.043675899505615234,0.1092,0.5598,0,0,0,2,0
212,550943,1,rule_based_agent_0,rule_based_agent,0,400,3,3,0,1,22,25,217,12,256,0.11890816688537598,0.4645,1.9,0,1,0,3,0
212,550943,2,rule_based_agent_1,rule_based_agent,0,400,7,2,1,1,34,25,251,15,293,0.1348116397857666,0.4601,1.8928,0,1,0,1,1
212,550943,3,rule_based_agent_2,rule_based_agent,0,400,0,0,0,1,39,20,172,10,202,0.09490227699279785,0.4698,1.965,0,1,0,4,0
213,550944,0,benedict_task4,benedict_task4,0,245,3,3,0,1,28,9,57,1,74,0.0025212764739990234,0.0341,0.0992,0,1,0,2,0
213,550944,1,rule_based_agent_0,rule_based_agent,1,245,3,3,0,0,58,22,216,3,245,0.13880372047424316,0.5665,2.1052,0,0,0,2,0
213,550944,2,rule_based_agent_1,rule_based_agent,0,245,3,3,0,1,24,14,157,8,179,0.07094097137451172,0.3963,2.12,0,1,0,2,0
213,550944,3,rule_based_agent_2,rule_based_agent,0,245,5,0,1,1,24,9,72,4,85,0.025493860244750977,0.2999,1.775,0,1,0,1,1
214,550945,0,benedict_task4,benedict_task4,0,261,8,3,1,1,39,28,198,7,257,0.015256643295288086,0.0594,0.4909,0,1,0,1,1
214,550945,1,rule_based_agent_0,rule_based_agent,0,261,1,1,0,1,19,12,157,5,174,0.07302522659301758,0.4197,1.9069,0,1,0,4,0
214,550945,2,rule_based_agent_1,rule_based_agent,1,261,2,2,0,0,33,24,221,11,261,0.1106712818145752,0.424,1.7989,0,0,0,3,0
214,550945,3,rule_based_agent_2,rule_based_agent,0,261,3,3,0,1,27,18,185,11,214,0.08514618873596191,0.3979,1.9867,0,1,0,2,0
215,550946,0,benedict_task4,benedict_task4,0,196,4,4,0,1,38,21,145,3,192,0.01173090934753418,0.0611,0.4702,0,1,0,1,1
215,550946,1,rule_based_agent_0,rule_based_agent,1,196,2,2,0,0,37,19,167,4,196,0.08600115776062012,0.4388,2.0919,0,0,0,3,0
215,550946,2,rule_based_agent_1,rule_based_agent,0,196,3,3,0,1,14,14,149,10,173,0.0708167552947998,0.4093,1.6499,0,1,0,2,0
215,550946,3,rule_based_agent_2,rule_based_agent,0,196,0,0,0,1,28,10,87,6,103,0.031430959701538086,0.3052,1.1292,0,1,0,4,0
216,550947,0,benedict_task4,benedict_task4,1,400,3,3,0,0,41,47,324,5,400,0.04018235206604004,0.1005,0.5271,0,0,0,1,1
216,550947,1,rule_based_agent_0,rule_based_agent,0,400,1,1,0,1,16,8,67,3,78,0.018568992614746094,0.2381,0.55,0,1,0,4,0
216,550947,2,rule_based_agent_1,rule_based_agent,0,400,2,2,0,1,28,20,179,6,205,0.08523392677307129,0.4158,1.8692,0,1,0,3,0
216,550947,3,rule_based_agent_2,rule_based_agent,1,400,3,3,0,0,33,33,342,13,400,0.22884273529052734,0.5721,2.2237,0,0,0,1,1
217,550948,0,benedict_task4,benedict_task4,1,400,2,2,0,0,51,48,322,6,400,0.04123115539550781,0.1031,0.556,0,0,0,3,0
217,550948,1,rule_based_agent_0,rule_based_agent,0,400,7,2,1,1,25,19,197,7,223,0.08997964859008789,0.4035,1.9352,0,1,0,1,1
217,550948,2,rule_based_agent_1,rule_based_agent,1,400,4,4,0,0,26,31,345,15,400,0.21132493019104004,0.5283,2.1999,0,0,0,2,0
217,550948,3,rule_based_agent_2,rule_based_agent,0,400,1,1,0,1,23,12,128,3,143,0.05835294723510742,0.4081,2.2593,0,1,0,4,0
218,550949,0,benedict_task4,benedict_task4,1,400,6,1,1,0,36,45,317,6,400,0.04636502265930176,0.1159,0.587,0,0,0,1,1
218,550949,1,rule_based_agent_0,rule_based_agent,1,400,3,3,0,0,35,34,356,9,400,0.1970527172088623,0.4926,2.012,0,0,0,3,0
218,550949,2,rule_based_agent_1,rule_based_agent,1,400,4,4,0,0,34,34,341,22,400,0.2199397087097168,0.5498,1.8449,0,0,0,2,0
218,550949,3,rule_based_agent_2,rule_based_agent,0,400,1,1,0,0,24,11,92,5,108,0.04174923896789551,0.3866,2.151,0,1,1,4,0
219,550950,0,benedict_task4,benedict_task4,0,349,3,3,0,1,34,21,146,3,185,0.008574962615966797,0.0464,0.2501,0,1,0,2,0
219,550950,1,rule_based_agent_0,rule_based_agent,0,349,3,3,0,1,31,27,305,13,345,0.1478290557861328,0.4285,1.9369,0,1,0,2,0
219,550950,2,rule_based_agent_1,rule_based_agent,1,349,8,3,1,0,31,30,306,9,349,0.13608431816101074,0.3899,1.9929,0,0,0,1,1
219,550950,3,rule_based_agent_2,rule_based_agent,0,349,0,0,0,1,24,11,113,5,129,0.04604744911193848,0.357,1.8139,0,1,0,4,0
220,550951,0,benedict_task4,benedict_task4,0,400,1,1,0,1,26,20,130,1,168,0.007256507873535156,0.0432,0.32,0,1,0,3,0
220,550951,1,rule_based_agent_0,rule_based_agent,0,400,1,1,0,0,32,9,67,6,82,0.018727540969848633,0.2284,0.5872,0,1,1,3,0
220,550951,2,rule_based_agent_1,rule_based_agent,1,400,9,4,1,0,32,37,353,10,400,0.18700504302978516,0.4675,2.0292,0,0,0,1,1
220,550951,3,rule_based_agent_2,rule_based_agent,1,400,3,3,0,0,36,35,356,9,400,0.19324994087219238,0.4831,2.234,0,0,0,2,0
221,550952,0,benedict_task4,benedict_task4,0,205,2,2,0,1,23,9,55,0,74,0.0026061534881591797,0.0352,0.2091,0,1,0,2,0
221,550952,1,rule_based_agent_0,rule_based_agent,0,205,9,4,1,1,28,11,109,3,123,0.03364086151123047,0.2735,1.4701,0,1,0,1,1
221,550952,2,rule_based_agent_1,rule_based_agent,1,205,1,1,0,0,50,20,178,3,205,0.10896611213684082,0.5315,2.0199,0,0,0,4,0
221,550952,3,rule_based_agent_2,rule_based_agent,0,205,2,2,0,0,30,7,48,3,58,0.01204681396484375,0.2077,0.7451,0,1,1,2,0
222,550953,0,benedict_task4,benedict_task4,0,400,1,1,0,1,20,11,78,1,97,0.003648996353149414,0.0376,0.1841,0,1,0,3,0
222,550953,1,rule_based_agent_0,rule_based_agent,1,400,3,3,0,0,37,38,350,12,400,0.1830737590789795,0.4577,2.0549,0,0,0,2,0
222,550953,2,rule_based_agent_1,rule_based_agent,0,400,1,1,0,1,22,8,71,4,83,0.026938199996948242,0.3246,1.9712,0,1,0,3,0
222,550953,3,rule_based_agent_2,rule_based_agent,1,400,9,4,1,0,39,35,354,11,400,0.1995692253112793,0.4989,2.1939,0,0,0,1,1
223,550954,0,benedict_task4,benedict_task4,1,400,4,4,0,0,38,47,318,6,400,0.041565656661987305,0.1039,0.531,0,0,0,2,0
223,550954,1,rule_based_agent_0,rule_based_agent,0,400,0,0,0,0,24,8,54,2,64,0.02016162872314453,0.315,0.91,0,1,1,4,0
223,550954,2,rule_based_agent_1,rule_based_agent,1,400,8,3,1,0,26,31,353,7,400,0.20442986488342285,0.5111,1.8277,0,0,0,1,1
223,550954,3,rule_based_agent_2,rule_based_agent,0,400,2,2,0,1,33,8,67,3,78,0.024255990982055664,0.311,0.9439,0,1,0,3,0
224,550955,0,benedict_task4,benedict_task4,0,260,2,2,0,1,46,28,205,3,256,0.009362220764160156,0.0366,0.2482,0,1,0,2,0
224,550955,1,rule_based_agent_0,rule_based_agent,0,260,4,4,0,1,30,11,125,4,140,0.04358339309692383,0.3113,1.4153,0,1,0,1,1
224,550955,2,rule_based_agent_1,rule_based_agent,0,260,1,1,0,1,23,7,47,4,58,0.011150836944580078,0.1923,0.4878,0,1,0,4,0
224,550955,3,rule_based_agent_2,rule_based_agent,1,260,2,2,0,0,27,17,237,2,260,0.09832906723022461,0.3782,1.9689,0,0,0,2,0
225,550956,0,benedict_task4,benedict_task4,0,312,2,2,0,1,36,36,252,5,308,0.02672410011291504,0.0868,0.4609,0,1,0,3,0
225,550956,1,rule_based_agent_0,rule_based_agent,1,312,4,4,0,0,34,25,273,7,312,0.14125323295593262,0.4527,1.8802,0,0,0,1,1
225,550956,2,rule_based_agent_1,rule_based_agent,0,312,3,3,0,1,29,15,127,7,149,0.05715060234069824,0.3836,1.7443,0,1,0,2,0
225,550956,3,rule_based_agent_2,rule_based_agent,0,312,0,0,0,1,25,7,50,4,61,0.01900792121887207,0.3116,0.8209,0,1,0,4,0
226,550957,0,benedict_task4,benedict_task4,1,400,10,5,1,0,46,44,325,3,400,0.043306827545166016,0.1083,0.597,0,0,0,1,1
226,550957,1,rule_based_agent_0,rule_based_agent,1,400,1,1,0,0,36,37,344,16,400,0.2258775234222412,0.5647,1.9021,0,0,0,3,0
226,550957,2,rule_based_agent_1,rule_based_agent,0,400,1,1,0,1,18,8,70,2,80,0.018317222595214844,0.229,0.6008,0,1,0,3,0
226,550957,3,rule_based_agent_2,rule_based_agent,0,400,7,2,1,1,17,31,281,23,335,0.18043255805969238,0.5386,1.9889,0,1,0,2,0
227,550958,0,benedict_task4,benedict_task4,0,400,2,2,0,1,32,15,117,0,145,0.006179094314575195,0.0426,0.2108,0,1,0,2,0
227,550958,1,rule_based_agent_0,rule_based_agent,1,400,3,3,0,0,28,34,358,7,400,0.21613240242004395,0.5403,2.2211,0,0,0,1,1
227,550958,2,rule_based_agent_1,rule_based_agent,0,400,2,2,0,1,24,8,79,4,91,0.03293800354003906,0.362,1.2422,0,1,0,2,0
227,550958,3,rule_based_agent_2,rule_based_agent,1,400,2,2,0,0,30,30,363,7,400,0.22149658203125,0.5537,2.059,0,0,0,2,0
228,550959,0,benedict_task4,benedict_task4,0,397,7,2,1,1,39,48,302,7,393,0.03862810134887695,0.0983,0.531,0,1,0,1,1
228,550959,1,rule_based_agent_0,rule_based_agent,1,397,3,3,0,0,24,27,347,10,397,0.2032604217529297,0.512,1.991,0,0,0,2,0
228,550959,2,rule_based_agent_1,rule_based_agent,0,397,3,3,0,1,34,19,191,14,224,0.09210896492004395,0.4112,2.1281,0,1,0,2,0
228,550959,3,rule_based_agent_2,rule_based_agent,0,397,1,1,0,1,29,11,106,3,120,0.03947305679321289,0.3289,2.027,0,1,0,4,0
229,550960,0,benedict_task4,benedict_task4,0,400,4,4,0,1,24,12,82,2,105,0.0036745071411132812,0.035,0.1922,0,1,0,1,1
229,550960,1,rule_based_agent_0,rule_based_agent,1,400,2,2,0,0,37,36,356,8,400,0.17910170555114746,0.4478,2.2039,0,0,0,2,0
229,550960,2,rule_based_agent_1,rule_based_agent,0,400,2,2,0,1,29,8,68,5,81,0.017257213592529297,0.2131,0.5591,0,1,0,2,0
229,550960,3,rule_based_agent_2,rule_based_agent,1,400,1,1,0,0,36,36,355,9,400,0.23013710975646973,0.5753,2.1269,0,0,0,4,0
230,550961,0,benedict_task4,benedict_task4,0,400,4,4,0,1,36,29,223,2,277,0.02463674545288086,0.0889,0.5832,0,1,0,1,1
230,550961,1,rule_based_agent_0,rule_based_agent,1,400,1,1,0,0,26,26,361,13,400,0.25923919677734375,0.6481,2.1248,0,0,0,3,0
230,550961,2,rule_based_agent_1,rule_based_agent,0,400,3,3,0,1,30,13,116,4,133,0.043561458587646484,0.3275,1.0629,0,1,0,2,0
230,550961,3,rule_based_agent_2,rule_based_agent,1,400,1,1,0,0,33,23,368,7,400,0.24262785911560059,0.6066,2.281,0,0,0,3,0
231,550962,0,benedict_task4,benedict_task4,0,400,1,1,0,1,25,49,318,5,394,0.04097270965576172,0.104,0.5381,0,1,0,4,0
231,550962,1,rule_based_agent_0,rule_based_agent,1,400,3,3,0,0,44,31,347,9,400,0.17484593391418457,0.4371,1.7769,0,0,0,1,1
231,550962,2,rule_based_agent_1,rule_based_agent,0,400,2,2,0,1,27,12,107,4,123,0.05047726631164551,0.4104,2.0659,0,1,0,3,0
231,550962,3,rule_based_agent_2,rule_based_agent,0,400,3,3,0,1,33,17,199,8,224,0.0910787582397461,0.4066,1.8361,0,1,0,1,1
232,550963,0,benedict_task4,benedict_task4,0,272,2,2,0,1,12,13,92,1,109,0.006307840347290039,0.0579,0.2189,0,1,0,2,0
232,550963,1,rule_based_agent_0,rule_based_agent,1,272,2,2,0,0,41,24,233,9,272,0.1315758228302002,0.4837,1.9159,0,0,0,2,0
232,550963,2,rule_based_agent_1,rule_based_agent,0,272,9,4,1,1,25,23,230,11,266,0.11280941963195801,0.4241,1.7767,0,1,0,1,1
232,550963,3,rule_based_agent_2,rule_based_agent,0,272,1,1,0,0,40,25,215,10,250,0.1032876968383789,0.4132,1.9741,0,1,1,4,0
233,550964,0,benedict_task4,benedict_task4,0,344,2,2,0,1,15,7,47,0,59,0.002081632614135742,0.0353,0.0792,0,1,0,2,0
233,550964,1,rule_based_agent_0,rule_based_agent,1,344,3,3,0,0,41,30,301,9,344,0.15187549591064453,0.4415,2.1818,0,0,0,1,1
233,550964,2,rule_based_agent_1,rule_based_agent,0,344,2,2,0,1,26,29,303,7,340,0.1733994483947754,0.51,2.152,0,1,0,2,0
233,550964,3,rule_based_agent_2,rule_based_agent,0,344,2,2,0,1,44,20,193,9,222,0.10254073143005371,0.4619,2.2333,0,1,0,2,0
234,550965,0,benedict_task4,benedict_task4,0,261,2,2,0,1,37,29,195,4,257,0.02243328094482422,0.0873,0.5419,0,1,0,2,0
234,550965,1,rule_based_agent_0,rule_based_agent,0,261,1,1,0,1,33,24,205,6,235,0.11886000633239746,0.5058,2.079,0,1,0,4,0
234,550965,2,rule_based_agent_1,rule_based_agent,0,261,2,2,0,1,23,19,193,9,221,0.11731147766113281,0.5308,2.2571,0,1,0,2,0
234,550965,3,rule_based_agent_2,rule_based_agent,1,261,9,4,1,0,22,20,231,4,261,0.0986320972442627,0.3779,2.1191,0,0,0,1,1
235,550966,0,benedict_task4,benedict_task4,1,400,9,4,1,0,44,45,322,5,400,0.025320768356323242,0.0633,0.5822,0,0,0,1,1
235,550966,1,rule_based_agent_0,rule_based_agent,0,400,0,0,0,0,19,5,33,1,39,0.008367300033569336,0.2145,0.4182,0,1,1,3,0
235,550966,2,rule_based_agent_1,rule_based_agent,1,400,5,5,0,0,49,27,359,9,400,0.18218469619750977,0.4555,2.3181,0,0,0,2,0
235,550966,3,rule_based_agent_2,rule_based_agent,0,400,0,0,0,1,18,7,45,5,57,0.013668298721313477,0.2398,0.5639,0,1,0,3,0
236,550967,0,benedict_task4,benedict_task4,0,400,3,3,0,1,37,29,233,1,277,0.016396045684814453,0.0592,0.4678,0,1,0,1,1
236,550967,1,rule_based_agent_0,rule_based_agent,0,400,2,2,0,1,33,14,149,5,168,0.07434868812561035,0.4426,1.8823,0,1,0,3,0
236,550967,2,rule_based_agent_1,rule_based_agent,1,400,1,1,0,0,29,26,363,10,400,0.23359227180480957,0.584,1.9279,0,0,0,4,0
236,550967,3,rule_based_agent_2,rule_based_agent,1,400,3,3,0,0,19,22,374,3,400,0.2234656810760498,0.5587,1.8549,0,0,0,1,1
237,550968,0,benedict_task4,benedict_task4,0,373,4,4,0,1,29,43,294,7,369,0.03836536407470703,0.104,0.561,0,1,0,2,0
237,550968,1,rule_based_agent_0,rule_based_agent,1,373,6,1,1,0,25,24,335,8,373,0.1939387321472168,0.5199,2.1913,0,0,0,1,1
237,550968,2,rule_based_agent_1,rule_based_agent,0,373,1,1,0,0,28,27,278,13,318,0.17410874366760254,0.5475,1.9629,0,1,1,4,0
237,550968,3,rule_based_agent_2,rule_based_agent,0,373,3,3,0,1,42,25,241,13,279,0.13994455337524414,0.5016,2.0308,0,1,0,3,0
238,550969,0,benedict_task4,benedict_task4,0,284,4,4,0,1,36,15,113,2,144,0.004921674728393555,0.0342,0.257,0,1,0,2,0
238,550969,1,rule_based_agent_0,rule_based_agent,0,284,1,1,0,0,23,21,216,13,250,0.09438776969909668,0.3776,1.9438,0,1,1,4,0
238,550969,2,rule_based_agent_1,rule_based_agent,1,284,6,1,1,0,21,20,256,4,284,0.11372041702270508,0.4004,1.889,0,0,0,1,1
238,550969,3,rule_based_agent_2,rule_based_agent,0,284,3,3,0,1,45,23,223,6,252,0.0994575023651123,0.3947,1.853,0,1,0,3,0
239,550970,0,benedict_task4,benedict_task4,0,239,3,3,0,1,31,28,187,1,235,0.01279759407043457,0.0545,0.525,0,1,0,2,0
239,550970,1,rule_based_agent_0,rule_based_agent,0,239,0,0,0,1,32,19,185,6,210,0.087432861328125,0.4163,2.316,0,1,0,4,0
239,550970,2,rule_based_agent_1,rule_based_agent,1,239,5,5,0,0,35,22,207,4,239,0.11974811553955078,0.501,2.0151,0,0,0,1,1
239,550970,3,rule_based_agent_2,rule_based_agent,0,239,1,1,0,1,20,6,41,3,50,0.012960433959960938,0.2592,0.612,0,1,0,3,0
240,550971,0,benedict_task4,benedict_task4,1,400,6,1,1,0,29,47,323,6,400,0.037473201751708984,0.0937,0.5472,0,0,0,2,0
240,550971,1,rule_based_agent_0,rule_based_agent,0,400,0,0,0,1,34,9,65,5,79,0.021605968475341797,0.2735,1.3299,0,1,0,3,0
240,550971,2,rule_based_agent_1,rule_based_agent,0,400,0,0,0,0,29,12,117,4,133,0.05367588996887207,0.4036,1.9948,0,1,1,3,0
240,550971,3,rule_based_agent_2,rule_based_agent,1,400,8,8,0,0,24,27,360,5,400,0.20533394813537598,0.5133,1.935,0,0,0,1,1
241,550972,0,benedict_task4,benedict_task4,0,400,0,0,0,1,14,6,34,0,44,0.0013964176177978516,0.0317,0.1011,0,1,0,4,0
241,550972,1,rule_based_agent_0,rule_based_agent,1,400,2,2,0,0,49,38,357,4,400,0.20414352416992188,0.5104,2.0919,0,0,0,2,0
241,550972,2,rule_based_agent_1,rule_based_agent,1,400,6,6,0,0,48,33,353,14,400,0.1938164234161377,0.4845,2.1229,0,0,0,1,1
241,550972,3,rule_based_agent_2,rule_based_agent,0,400,1,1,0,1,17,5,48,4,57,0.013623476028442383,0.239,0.577,0,1,0,3,0
242,550973,0,benedict_task4,benedict_task4,1,400,5,5,0,0,25,44,318,11,400,0.0419919490814209,0.105,0.5682,0,0,0,1,1
242,550973,1,rule_based_agent_0,rule_based_agent,0,400,2,2,0,1,35,22,193,21,236,0.09364962577819824,0.3968,2.0318,0,1,0,2,0
242,550973,2,rule_based_agent_1,rule_based_agent,0,400,2,2,0,1,34,10,83,7,100,0.020340442657470703,0.2034,0.6769,0,1,0,2,0
242,550973,3,rule_based_agent_2,rule_based_agent,1,400,0,0,0,0,30,33,350,9,400,0.1970360279083252,0.4926,2.0618,0,0,0,4,0
243,550974,0,benedict_task4,benedict_task4,1,400,3,3,0,0,33,44,317,10,400,0.04098773002624512,0.1025,0.5722,0,0,0,2,0
243,550974,1,rule_based_agent_0,rule_based_agent,0,400,4,4,0,1,34,20,183,9,212,0.10538864135742188,0.4971,1.9598,0,1,0,1,1
243,550974,2,rule_based_agent_1,rule_based_agent,0,400,0,0,0,1,19,5,41,1,47,0.017746686935424805,0.3776,1.1911,0,1,0,4,0
243,550974,3,rule_based_agent_2,rule_based_agent,1,400,2,2,0,0,32,36,343,13,400,0.190964937210083,0.4774,1.8649,0,0,0,3,0
244,550975,0,benedict_task4,benedict_task4,0,373,3,3,0,1,33,42,298,6,365,0.033299922943115234,0.0912,0.5062,0,1,0,2,0
244,550975,1,rule_based_agent_0,rule_based_agent,0,373,1,1,0,1,29,21,203,7,231,0.08550333976745605,0.3701,1.9178,0,1,0,3,0
244,550975,2,rule_based_agent_1,rule_based_agent,0,373,1,1,0,1,27,10,107,3,120,0.031798362731933594,0.265,1.0009,0,1,0,3,0
244,550975,3,rule_based_agent_2,rule_based_agent,1,373,4,4,0,0,21,29,325,6,373,0.16502690315246582,0.4424,1.807,0,0,0,1,1
245,550976,0,benedict_task4,benedict_task4,1,400,1,1,0,0,37,49,322,3,400,0.03639554977416992,0.091,0.562,0,0,0,3,0
245,550976,1,rule_based_agent_0,rule_based_agent,1,400,4,4,0,0,34,26,358,7,400,0.18539023399353027,0.4635,1.8559,0,0,0,1,1
245,550976,2,rule_based_agent_1,rule_based_agent,0,400,3,3,0,1,29,7,61,4,72,0.019325733184814453,0.2684,0.8209,0,1,0,2,0
245,550976,3,rule_based_agent_2,rule_based_agent,0,400,1,1,0,1,26,8,103,2,113,0.04501032829284668,0.3983,1.271,0,1,0,3,0
246,550977,0,benedict_task4,benedict_task4,1,400,5,5,0,0,46,46,316,5,400,0.027707815170288086,0.0693,0.5429,0,0,0,2,0
246,550977,1,rule_based_agent_0,rule_based_agent,1,400,7,2,1,0,38,29,355,11,400,0.16330361366271973,0.4083,1.833,0,0,0,1,1
246,550977,2,rule_based_agent_1,rule_based_agent,0,400,1,1,0,1,20,6,49,4,59,0.010197639465332031,0.1728,0.345,0,1,0,3,0
246,550977,3,rule_based_agent_2,rule_based_agent,0,400,1,1,0,1,26,11,101,4,116,0.0341033935546875,0.294,0.932,0,1,0,3,0
247,550978,0,benedict_task4,benedict_task4,0,252,4,4,0,1,42,28,195,2,248,0.021689653396606445,0.0875,0.5369,0,1,0,1,1
247,550978,1,rule_based_agent_0,rule_based_agent,0,252,2,2,0,1,31,16,165,5,186,0.0828862190246582,0.4456,1.9841,0,1,0,3,0
247,550978,2,rule_based_agent_1,rule_based_agent,1,252,3,3,0,0,28,22,215,6,252,0.11275148391723633,0.4474,1.9579,0,0,0,2,0
247,550978,3,rule_based_agent_2,rule_based_agent,0,252,0,0,0,1,24,7,53,4,64,0.01700282096862793,0.2657,0.5972,0,1,0,4,0
248,550979,0,benedict_task4,benedict_task4,0,204,3,3,0,1,28,17,122,2,155,0.005511283874511719,0.0356,0.3657,0,1,0,2,0
248,550979,1,rule_based_agent_0,rule_based_agent,0,204,1,1,0,1,18,11,105,6,122,0.03776240348815918,0.3095,0.8588,0,1,0,3,0
248,550979,2,rule_based_agent_1,rule_based_agent,1,204,5,5,0,0,47,17,182,1,204,0.09356284141540527,0.4586,1.893,0,0,0,1,1
248,550979,3,rule_based_agent_2,rule_based_agent,0,204,0,0,0,1,27,9,85,3,97,0.030202627182006836,0.3114,1.07,0,1,0,4,0
249,550980,0,benedict_task4,benedict_task4,0,361,3,3,0,1,28,10,67,2,88,0.003656148910522461,0.0415,0.1791,0,1,0,2,0
249,550980,1,rule_based_agent_0,rule_based_agent,0,361,2,2,0,1,33,34,313,9,357,0.17940783500671387,0.5025,2.068,0,1,0,4,0
249,550980,2,rule_based_agent_1,rule_based_agent,1,361,6,1,1,0,32,32,311,14,361,0.16998004913330078,0.4709,2.0962,0,0,0,1,1
249,550980,3,rule_based_agent_2,rule_based_agent,0,361,3,3,0,1,32,18,158,4,180,0.07868027687072754,0.4371,2.0828,0,1,0,2,0
250,550981,0,benedict_task4,benedict_task4,0,331,4,4,0,1,35,37,255,7,327,0.02365255355834961,0.0723,0.525,0,1,0,2,0
250,550981,1,rule_based_agent_0,rule_based_agent,0,331,0,0,0,0,20,6,43,4,53,0.011087417602539062,0.2092,0.787,0,1,1,4,0
250,550981,2,rule_based_agent_1,rule_based_agent,0,331,1,1,0,1,13,5,31,3,39,0.008831024169921875,0.2264,0.6001,0,1,0,3,0
250,550981,3,rule_based_agent_2,rule_based_agent,1,331,9,4,1,0,48,28,291,4,331,0.14115667343139648,0.4265,2.0292,0,0,0,1,1
251,550982,0,benedict_task4,benedict_task4,0,297,2,2,0,1,34,30,242,3,293,0.02973651885986328,0.1015,0.4978,0,1,0,3,0
251,550982,1,rule_based_agent_0,rule_based_agent,0,297,9,4,1,1,49,27,255,4,286,0.11506080627441406,0.4023,1.9641,0,1,0,1,1
251,550982,2,rule_based_agent_1,rule_based_agent,0,297,0,0,0,0,14,4,24,3,31,0.006136894226074219,0.198,0.6118,0,1,1,4,0
251,550982,3,rule_based_agent_2,rule_based_agent,1,297,3,3,0,0,33,25,257,10,297,0.1355452537536621,0.4564,2.094,0,0,0,2,0
252,550983,0,benedict_task4,benedict_task4,1,400,8,3,1,0,42,47,323,7,400,0.03288555145263672,0.0822,0.5262,0,0,0,1,1
252,550983,1,rule_based_agent_0,rule_based_agent,0,400,2,2,0,0,29,11,85,3,99,0.028053760528564453,0.2834,0.8042,0,1,1,3,0
252,550983,2,rule_based_agent_1,rule_based_agent,0,400,1,1,0,1,14,6,44,3,53,0.014006376266479492,0.2643,0.807,0,1,0,4,0
252,550983,3,rule_based_agent_2,rule_based_agent,1,400,3,3,0,0,39,27,358,7,400,0.20921921730041504,0.523,1.987,0,0,0,2,0
253,550984,0,benedict_task4,benedict_task4,1,400,9,4,1,0,39,46,318,6,400,0.04250741004943848,0.1063,0.5841,0,0,0,1,1
253,550984,1,rule_based_agent_0,rule_based_agent,0,400,0,0,0,1,28,10,87,2,99,0.02664923667907715,0.2692,0.8609,0,1,0,4,0
253,550984,2,rule_based_agent_1,rule_based_agent,1,400,2,2,0,0,24,38,342,12,400,0.23396563529968262,0.5849,1.8919,0,0,0,3,0
253,550984,3,rule_based_agent_2,rule_based_agent,0,400,8,3,1,1,34,29,237,13,279,0.14991044998168945,0.5373,1.9021,0,1,0,2,0
254,550985,0,benedict_task4,benedict_task4,0,269,12,2,2,1,33,31,205,4,265,0.02076554298400879,0.0784,0.596,0,1,0,1,1
254,550985,1,rule_based_agent_0,rule_based_agent,0,269,2,2,0,0,27,9,78,4,91,0.02187323570251465,0.2404,0.7541,0,1,1,3,0
254,550985,2,rule_based_agent_1,rule_based_agent,0,269,3,3,0,0,33,19,194,5,219,0.09373331069946289,0.428,2.0831,0,1,1,2,0
254,550985,3,rule_based_agent_2,rule_based_agent,1,269,2,2,0,0,35,25,231,6,269,0.11384725570678711,0.4232,1.9968,0,0,0,3,0
255,550986,0,benedict_task4,benedict_task4,1,400,3,3,0,0,30,48,320,4,400,0.04414248466491699,0.1104,0.705,0,0,0,2,0
255,550986,1,rule_based_agent_0,rule_based_agent,1,400,5,0,1,0,33,32,334,18,400,0.19672513008117676,0.4918,1.9581,0,0,0,1,1
255,550986,2,rule_based_agent_1,rule_based_agent,0,400,3,3,0,1,35,19,154,7,180,0.07281899452209473,0.4045,1.8973,0,1,0,2,0
255,550986,3,rule_based_agent_2,rule_based_agent,0,400,3,3,0,1,30,8,64,4,76,0.018658876419067383,0.2455,0.6909,0,1,0,2,0
256,550987,0,benedict_task4,benedict_task4,0,190,6,1,1,1,33,14,102,3,131,0.00638890266418457,0.0488,0.2062,0,1,0,1,1
256,550987,1,rule_based_agent_0,rule_based_agent,1,190,5,5,0,0,35,13,172,1,190,0.1055305004119873,0.5554,2.008,0,0,0,2,0
256,550987,2,rule_based_agent_1,rule_based_agent,0,190,1,1,0,1,21,9,65,5,79,0.020142793655395508,0.255,0.9689,0,1,0,4,0
256,550987,3,rule_based_agent_2,rule_based_agent,0,190,2,2,0,0,23,9,75,4,88,0.026086091995239258,0.2964,2.1231,0,1,1,3,0
257,550988,0,benedict_task4,benedict_task4,0,283,8,3,1,1,46,33,214,5,275,0.020980119705200195,0.0763,0.5751,0,1,0,1,1
257,550988,1,rule_based_agent_0,rule_based_agent,0,283,4,4,0,1,27,11,101,4,116,0.03555488586425781,0.3065,0.9317,0,1,0,2,0
257,550988,2,rule_based_agent_1,rule_based_agent,1,283,1,1,0,0,26,24,243,5,283,0.12283015251159668,0.434,1.812,0,0,0,3,0
257,550988,3,rule_based_agent_2,rule_based_agent,0,283,1,1,0,0,23,18,171,8,197,0.09131193161010742,0.4635,1.7769,0,1,1,3,0
258,550989,0,benedict_task4,benedict_task4,0,400,3,3,0,1,31,12,72,4,102,0.004107236862182617,0.0403,0.2172,0,1,0,1,1
258,550989,1,rule_based_agent_0,rule_based_agent,1,400,3,3,0,0,43,38,348,14,400,0.20589923858642578,0.5147,2.5442,0,0,0,1,1
258,550989,2,rule_based_agent_1,rule_based_agent,1,400,2,2,0,0,24,36,353,11,400,0.1886441707611084,0.4716,2.1057,0,0,0,3,0
258,550989,3,rule_based_agent_2,rule_based_agent,0,400,1,1,0,1,14,6,61,4,71,0.017183303833007812,0.242,0.8132,0,1,0,4,0
259,550990,0,benedict_task4,benedict_task4,0,311,1,1,0,1,29,34,258,3,307,0.024673938751220703,0.0804,0.5171,0,1,0,4,0
259,550990,1,rule_based_agent_0,rule_based_agent,0,311,4,4,0,1,20,6,61,4,71,0.01748204231262207,0.2462,0.721,0,1,0,2,0
259,550990,2,rule_based_agent_1,rule_based_agent,1,311,6,1,1,0,47,28,275,3,311,0.16106510162353516,0.5179,1.9379,0,0,0,1,1
259,550990,3,rule_based_agent_2,rule_based_agent,0,311,3,3,0,0,33,27,246,13,287,0.10914802551269531,0.3803,2.0957,0,1,1,3,0
260,550991,0,benedict_task4,benedict_task4,1,400,12,7,1,0,49,49,295,28,400,0.027096271514892578,0.0677,0.4499,0,0,0,1,1
260,550991,1,rule_based_agent_0,rule_based_agent,0,400,6,1,1,0,32,14,140,6,160,0.05589413642883301,0.3493,1.7238,0,1,1,2,0
260,550991,2,rule_based_agent_1,rule_based_agent,0,400,1,1,0,1,23,6,52,1,59,0.019172191619873047,0.325,0.7629,0,1,0,3,0
260,550991,3,rule_based_agent_2,rule_based_agent,0,400,0,0,0,0,24,8,80,1,89,0.02669548988342285,0.2999,0.725,0,1,1,4,0
261,550992,0,benedict_task4,benedict_task4,0,217,9,4,1,1,23,21,172,1,209,0.017153024673461914,0.0821,0.5832,0,1,0,1,1
261,550992,1,rule_based_agent_0,rule_based_agent,0,217,2,2,0,1,34,9,69,4,82,0.022659778594970703,0.2763,0.7811,0,1,0,2,0
261,550992,2,rule_based_agent_1,rule_based_agent,1,217,2,2,0,0,32,20,181,6,217,0.08629322052001953,0.3977,1.8072,0,0,0,2,0
261,550992,3,rule_based_agent_2,rule_based_agent,0,217,1,1,0,1,37,18,141,9,168,0.07411694526672363,0.4412,1.9069,0,1,0,4,0
262,550993,0,benedict_task4,benedict_task4,0,400,2,2,0,1,32,13,99,1,124,0.0045719146728515625,0.0369,0.1118,0,1,0,2,0
262,550993,1,rule_based_agent_0,rule_based_agent,1,400,1,1,0,0,27,31,359,10,400,0.25629353523254395,0.6407,2.0862,0,0,0,4,0
262,550993,2,rule_based_agent_1,rule_based_agent,1,400,4,4,0,0,34,29,362,9,400,0.19261479377746582,0.4815,1.9751,0,0,0,1,1
262,550993,3,rule_based_agent_2,rule_based_agent,0,400,2,2,0,1,34,8,62,3,73,0.02291584014892578,0.3139,0.8409,0,1,0,2,0
263,550994,0,benedict_task4,benedict_task4,0,394,9,4,1,1,37,45,314,7,390,0.033893585205078125,0.0869,0.5119,0,1,0,1,1
263,550994,1,rule_based_agent_0,rule_based_agent,0,394,1,1,0,1,26,23,207,10,241,0.0900576114654541,0.3737,1.893,0,1,0,4,0
263,550994,2,rule_based_agent_1,rule_based_agent,1,394,2,2,0,0,36,31,341,9,394,0.15807032585144043,0.4012,1.919,0,0,0,2,0
263,550994,3,rule_based_agent_2,rule_based_agent,0,394,2,2,0,0,29,9,76,2,87,0.025465726852416992,0.2927,0.6897,0,1,1,2,0
264,550995,0,benedict_task4,benedict_task4,1,400,5,0,1,0,28,51,298,29,400,0.03798246383666992,0.095,0.524,0,0,0,1,1
264,550995,1,rule_based_agent_0,rule_based_agent,0,400,1,1,0,0,33,9,79,2,90,0.03139829635620117,0.3489,1.91,0,1,1,4,0
264,550995,2,rule_based_agent_1,rule_based_agent,0,400,4,4,0,1,33,19,237,6,262,0.10180830955505371,0.3886,1.929,0,1,0,2,0
264,550995,3,rule_based_agent_2,rule_based_agent,0,400,4,4,0,1,16,8,77,3,88,0.038193702697753906,0.434,2.1677,0,1,0,2,0
265,550996,0,benedict_task4,benedict_task4,1,400,6,6,0,0,58,46,306,6,400,0.03502368927001953,0.0876,0.6328,0,0,0,1,1
265,550996,1,rule_based_agent_0,rule_based_agent,0,400,1,1,0,1,19,27,234,18,279,0.11798954010009766,0.4229,1.833,0,1,0,4,0
265,550996,2,rule_based_agent_1,rule_based_agent,0,400,2,2,0,1,13,6,58,1,65,0.02283167839050293,0.3513,1.277,0,1,0,3,0
265,550996,3,rule_based_agent_2,rule_based_agent,1,400,5,0,1,0,36,36,343,15,400,0.20453453063964844,0.5113,1.8408,0,0,0,2,0
266,550997,0,benedict_task4,benedict_task4,0,400,1,1,0,1,38,11,75,3,98,0.006234169006347656,0.0636,0.263,0,1,0,4,0
266,550997,1,rule_based_agent_0,rule_based_agent,0,400,2,2,0,1,24,8,53,5,66,0.01722574234008789,0.261,0.7079,0,1,0,3,0
266,550997,2,rule_based_agent_1,rule_based_agent,1,400,3,3,0,0,35,33,358,9,400,0.1787397861480713,0.4468,2.1348,0,0,0,2,0
266,550997,3,rule_based_agent_2,rule_based_agent,1,400,8,3,1,0,36,39,351,10,400,0.1803455352783203,0.4509,2.188,0,0,0,1,1
267,550998,0,benedict_task4,benedict_task4,1,400,8,3,1,0,37,43,323,5,400,0.043625831604003906,0.1091,0.649,0,0,0,1,1
267,550998,1,rule_based_agent_0,rule_based_agent,0,400,2,2,0,1,35,17,175,5,197,0.06958270072937012,0.3532,2.0013,0,1,0,3,0
267,550998,2,rule_based_agent_1,rule_based_agent,1,400,3,3,0,0,16,35,343,15,400,0.1896803379058838,0.4742,2.0051,0,0,0,2,0
267,550998,3,rule_based_agent_2,rule_based_agent,0,400,1,1,0,0,35,28,229,10,268,0.10876917839050293,0.4059,1.8871,0,1,1,4,0
268,550999,0,benedict_task4,benedict_task4,0,400,0,0,0,1,17,11,72,1,96,0.006683349609375,0.0696,0.3231,0,1,0,4,0
268,550999,1,rule_based_agent_0,rule_based_agent,0,400,1,1,0,1,24,12,113,9,134,0.04601597785949707,0.3434,2.1167,0,1,0,3,0
268,550999,2,rule_based_agent_1,rule_based_agent,1,400,4,4,0,0,42,39,351,10,400,0.1595141887664795,0.3988,1.992,0,0,0,1,1
268,550999,3,rule_based_agent_2,rule_based_agent,1,400,2,2,0,0,33,41,354,5,400,0.1622328758239746,0.4056,2.1358,0,0,0,2,0
269,551000,0,benedict_task4,benedict_task4,0,400,3,3,0,1,32,21,151,1,185,0.008016586303710938,0.0433,0.3071,0,1,0,3,0
269,551000,1,rule_based_agent_0,rule_based_agent,1,400,0,0,0,0,34,18,376,6,400,0.2444150447845459,0.611,1.838,0,0,0,4,0
269,551000,2,rule_based_agent_1,rule_based_agent,1,400,7,2,1,0,30,21,375,3,400,0.2753148078918457,0.6883,2.2058,0,0,0,1,1
269,551000,3,rule_based_agent_2,rule_based_agent,0,400,4,4,0,1,27,11,111,7,129,0.04544258117675781,0.3523,2.1639,0,1,0,2,0
270,551001,0,benedict_task4,benedict_task4,0,360,1,1,0,1,31,40,280,7,352,0.037351369857788086,0.1061,0.5248,0,1,0,3,0
270,551001,1,rule_based_agent_0,rule_based_agent,0,360,3,3,0,1,22,17,211,9,237,0.10047721862792969,0.424,1.8981,0,1,0,2,0
270,551001,2,rule_based_agent_1,rule_based_agent,1,360,1,1,0,0,28,33,303,14,360,0.17439770698547363,0.4844,2.0621,0,0,0,3,0
270,551001,3,rule_based_agent_2,rule_based_agent,0,360,4,4,0,1,30,20,199,11,230,0.08744525909423828,0.3802,2.0101,0,1,0,1,1
271,551002,0,benedict_task4,benedict_task4,0,290,2,2,0,1,19,7,44,1,59,0.0019257068634033203,0.0326,0.1578,0,1,0,3,0
271,551002,1,rule_based_agent_0,rule_based_agent,0,290,1,1,0,0,29,12,92,3,107,0.039077043533325195,0.3652,2.0921,0,1,1,4,0
271,551002,2,rule_based_agent_1,rule_based_agent,0,290,6,1,1,1,25,13,178,5,196,0.0858769416809082,0.4381,2.192,0,1,0,1,1
271,551002,3,rule_based_agent_2,rule_based_agent,1,290,5,5,0,0,50,26,254,6,290,0.1748974323272705,0.6031,2.1911,0,0,0,2,0
272,551003,0,benedict_task4,benedict_task4,0,346,3,3,0,1,24,11,80,1,103,0.005272388458251953,0.0512,0.2263,0,1,0,1,1
272,551003,1,rule_based_agent_0,rule_based_agent,1,346,2,2,0,0,35,28,304,10,346,0.18412089347839355,0.5321,2.14,0,0,0,3,0
272,551003,2,rule_based_agent_1,rule_based_agent,0,346,1,1,0,1,37,29,289,9,327,0.16124796867370605,0.4931,2.1179,0,1,0,4,0
272,551003,3,rule_based_agent_2,rule_based_agent,0,346,3,3,0,1,21,6,53,4,63,0.020180702209472656,0.3203,0.9322,0,1,0,1,1
273,551004,0,benedict_task4,benedict_task4,0,400,1,1,0,1,19,9,68,3,85,0.004041910171508789,0.0476,0.1369,0,1,0,3,0
273,551004,1,rule_based_agent_0,rule_based_agent,1,400,5,5,0,0,40,35,353,12,400,0.15534377098083496,0.3884,2.0101,0,0,0,1,1
273,551004,2,rule_based_agent_1,rule_based_agent,0,400,0,0,0,1,34,15,125,6,146,0.04377102851867676,0.2998,1.7681,0,1,0,4,0
273,551004,3,rule_based_agent_2,rule_based_agent,1,400,3,3,0,0,38,35,351,14,400,0.1874861717224121,0.4687,1.9193,0,0,0,2,0
274,551005,0,benedict_task4,benedict_task4,0,400,5,5,0,1,43,41,264,8,344,0.03514695167541504,0.1022,0.5147,0,1,0,1,1
274,551005,1,rule_based_agent_0,rule_based_agent,1,400,2,2,0,0,26,21,366,11,400,0.30684852600097656,0.7671,2.1031,0,0,0,2,0
274,551005,2,rule_based_agent_1,rule_based_agent,1,400,0,0,0,0,18,21,367,12,400,0.2909865379333496,0.7275,2.0399,0,0,0,4,0
274,551005,3,rule_based_agent_2,rule_based_agent,1,400,2,2,0,0,27,27,362,11,400,0.2275068759918213,0.5688,2.0521,0,0,0,2,0
275,551006,0,benedict_task4,benedict_task4,0,308,2,2,0,1,27,14,88,2,117,0.004656791687011719,0.0398,0.2232,0,1,0,3,0
275,551006,1,rule_based_agent_0,rule_based_agent,0,308,6,1,1,1,31,27,237,14,278,0.17235183715820312,0.62,2.0912,0,1,0,1,1
275,551006,2,rule_based_agent_1,rule_based_agent,1,308,6,6,0,0,28,19,280,5,308,0.1368093490600586,0.4442,2.121,0,0,0,1,1
275,551006,3,rule_based_agent_2,rule_based_agent,0,308,0,0,0,1,31,23,207,14,244,0.10761332511901855,0.441,2.239,0,1,0,4,0
276,551007,0,benedict_task4,benedict_task4,0,255,5,5,0,1,28,16,130,2,159,0.007498502731323242,0.0472,0.2429,0,1,0,1,1
276,551007,1,rule_based_agent_0,rule_based_agent,0,255,1,1,0,1,24,8,61,11,80,0.018074512481689453,0.2259,0.8681,0,1,0,3,0
276,551007,2,rule_based_agent_1,rule_based_agent,0,255,1,1,0,1,28,6,51,4,61,0.014305353164672852,0.2345,0.545,0,1,0,3,0
276,551007,3,rule_based_agent_2,rule_based_agent,1,255,2,2,0,0,49,22,228,1,255,0.158888578414917,0.6231,2.1179,0,0,0,2,0
277,551008,0,benedict_task4,benedict_task4,0,385,15,5,2,1,38,44,304,9,377,0.03498506546020508,0.0928,0.52,0,1,0,1,1
277,551008,1,rule_based_agent_0,rule_based_agent,0,385,0,0,0,1,23,6,41,4,51,0.01116633415222168,0.2189,0.5441,0,1,0,4,0
277,551008,2,rule_based_agent_1,rule_based_agent,0,385,1,1,0,0,32,22,180,14,216,0.083770751953125,0.3878,1.8172,0,1,1,3,0
277,551008,3,rule_based_agent_2,rule_based_agent,1,385,3,3,0,0,35,29,331,9,385,0.1598987579345703,0.4153,1.8039,0,0,0,2,0
278,551009,0,benedict_task4,benedict_task4,0,400,2,2,0,1,27,9,54,1,73,0.002845287322998047,0.039,0.108,0,1,0,3,0
278,551009,1,rule_based_agent_0,rule_based_agent,0,400,3,3,0,0,28,11,93,4,108,0.030071496963500977,0.2784,1.173,0,1,1,2,0
278,551009,2,rule_based_agent_1,rule_based_agent,1,400,7,2,1,0,33,38,350,12,400,0.20883989334106445,0.5221,2.2051,0,0,0,1,1
278,551009,3,rule_based_agent_2,rule_based_agent,1,400,2,2,0,0,29,37,355,8,400,0.20403289794921875,0.5101,2.0628,0,0,0,3,0
279,551010,0,benedict_task4,benedict_task4,1,400,2,2,0,0,33,45,313,15,400,0.04493379592895508,0.1123,0.627,0,0,0,3,0
279,551010,1,rule_based_agent_0,rule_based_agent,0,400,3,3,0,1,36,26,245,15,287,0.13908600807189941,0.4846,2.1093,0,1,0,2,0
279,551010,2,rule_based_agent_1,rule_based_agent,1,400,7,2,1,0,31,31,356,6,400,0.1855909824371338,0.464,2.126,0,0,0,1,1
279,551010,3,rule_based_agent_2,rule_based_agent,0,400,2,2,0,1,21,15,167,6,188,0.06830811500549316,0.3633,2.095,0,1,0,3,0
280,551011,0,benedict_task4,benedict_task4,1,400,5,5,0,0,42,42,325,5,400,0.04439806938171387,0.111,0.4711,0,0,0,1,1
280,551011,1,rule_based_agent_0,rule_based_agent,0,400,1,1,0,1,27,27,209,20,256,0.10052752494812012,0.3927,1.8549,0,1,0,3,0
280,551011,2,rule_based_agent_1,rule_based_agent,1,400,2,2,0,0,34,37,343,14,400,0.18828582763671875,0.4707,1.7793,0,0,0,2,0
280,551011,3,rule_based_agent_2,rule_based_agent,0,400,1,1,0,1,17,7,49,6,62,0.013488054275512695,0.2175,0.6258,0,1,0,3,0
281,551012,0,benedict_task4,benedict_task4,1,400,1,1,0,0,28,46,319,7,400,0.047805070877075195,0.1195,0.5918,0,0,0,3,0
281,551012,1,rule_based_agent_0,rule_based_agent,0,400,2,2,0,1,29,14,113,7,134,0.04764127731323242,0.3555,1.7021,0,1,0,2,0
281,551012,2,rule_based_agent_1,rule_based_agent,0,400,5,5,0,1,46,21,179,8,209,0.11756348609924316,0.5625,1.9929,0,1,0,1,1
281,551012,3,rule_based_agent_2,rule_based_agent,1,400,1,1,0,0,30,36,342,13,400,0.22167420387268066,0.5542,2.1698,0,0,0,3,0
282,551013,0,benedict_task4,benedict_task4,0,400,3,3,0,0,26,12,68,1,94,0.0029001235961914062,0.0309,0.206,0,1,1,3,0
282,551013,1,rule_based_agent_0,rule_based_agent,1,400,7,2,1,0,36,35,353,12,400,0.2193918228149414,0.5485,2.3401,0,0,0,2,0
282,551013,2,rule_based_agent_1,rule_based_agent,0,400,1,1,0,1,23,12,155,5,172,0.06536149978637695,0.38,2.306,0,1,0,4,0
282,551013,3,rule_based_agent_2,rule_based_agent,1,400,8,3,1,0,45,35,352,13,400,0.2093663215637207,0.5234,2.3401,0,0,0,1,1
283,551014,0,benedict_task4,benedict_task4,1,400,11,1,2,0,38,46,322,3,400,0.0400240421295166,0.1001,0.653,0,0,0,1,1
283,551014,1,rule_based_agent_0,rule_based_agent,0,400,1,1,0,1,13,4,27,3,34,0.00845193862915039,0.2486,0.5851,0,1,0,4,0
283,551014,2,rule_based_agent_1,rule_based_agent,0,400,4,4,0,0,37,28,334,8,374,0.18590331077575684,0.4971,1.9152,0,1,1,2,0
283,551014,3,rule_based_agent_2,rule_based_agent,0,400,3,3,0,0,38,22,268,9,299,0.1323702335357666,0.4427,2.0943,0,1,1,3,0
284,551015,0,benedict_task4,benedict_task4,0,400,1,1,0,1,21,11,78,1,99,0.005381107330322266,0.0544,0.2768,0,1,0,3,0
284,551015,1,rule_based_agent_0,rule_based_agent,1,400,4,4,0,0,37,36,356,8,400,0.18685007095336914,0.4671,2.0859,0,0,0,1,1
284,551015,2,rule_based_agent_1,rule_based_agent,0,400,0,0,0,1,25,10,99,6,115,0.04390215873718262,0.3818,1.7359,0,1,0,4,0
284,551015,3,rule_based_agent_2,rule_based_agent,1,400,4,4,0,0,38,38,354,8,400,0.19324326515197754,0.4831,1.9822,0,0,0,1,1
285,551016,0,benedict_task4,benedict_task4,1,400,7,2,1,0,32,48,304,19,400,0.04034781455993652,0.1009,0.5589,0,0,0,1,1
285,551016,1,rule_based_agent_0,rule_based_agent,0,400,2,2,0,0,34,26,314,10,361,0.1816539764404297,0.5032,1.8802,0,1,1,3,0
285,551016,2,rule_based_agent_1,rule_based_agent,0,400,5,5,0,1,29,15,157,7,179,0.08822822570800781,0.4929,1.8411,0,1,0,2,0
285,551016,3,rule_based_agent_2,rule_based_agent,0,400,0,0,0,1,22,5,39,1,45,0.01664566993713379,0.3699,1.2307,0,1,0,4,0
286,551017,0,benedict_task4,benedict_task4,1,400,10,5,1,0,37,44,315,9,400,0.04412245750427246,0.1103,0.531,0,0,0,1,1
286,551017,1,rule_based_agent_0,rule_based_agent,0,400,2,2,0,1,33,36,329,16,384,0.20410609245300293,0.5315,1.8592,0,1,0,3,0
286,551017,2,rule_based_agent_1,rule_based_agent,0,400,6,1,1,1,25,36,333,16,386,0.1865525245666504,0.4833,1.8568,0,1,0,2,0
286,551017,3,rule_based_agent_2,rule_based_agent,0,400,1,1,0,1,23,9,75,4,88,0.02611994743347168,0.2968,0.8483,0,1,0,4,0
287,551018,0,benedict_task4,benedict_task4,0,400,1,1,0,0,17,6,37,1,50,0.0015306472778320312,0.0306,0.0849,0,1,1,4,0
287,551018,1,rule_based_agent_0,rule_based_agent,0,400,2,2,0,1,28,17,165,8,190,0.09000420570373535,0.4737,2.3541,0,1,0,3,0
287,551018,2,rule_based_agent_1,rule_based_agent,1,400,9,4,1,0,48,35,356,9,400,0.18069934844970703,0.4517,1.869,0,0,0,1,1
287,551018,3,rule_based_agent_2,rule_based_agent,1,400,7,2,1,0,28,35,357,8,400,0.1822507381439209,0.4556,2.1689,0,0,0,2,0
288,551019,0,benedict_task4,benedict_task4,0,306,9,4,1,1,29,33,239,7,302,0.02409076690673828,0.0798,0.5178,0,1,0,1,1
288,551019,1,rule_based_agent_0,rule_based_agent,0,306,1,1,0,1,29,9,59,2,70,0.015607357025146484,0.223,0.653,0,1,0,3,0
288,551019,2,rule_based_agent_1,rule_based_agent,0,306,0,0,0,1,30,17,155,8,180,0.07137012481689453,0.3965,2.106,0,1,0,4,0
288,551019,3,rule_based_agent_2,rule_based_agent,1,306,4,4,0,0,31,27,265,5,306,0.1477952003479004,0.483,1.9419,0,0,0,2,0
289,551020,0,benedict_task4,benedict_task4,0,400,1,1,0,1,23,10,61,0,80,0.0038940906524658203,0.0487,0.1502,0,1,0,3,0
289,551020,1,rule_based_agent_0,rule_based_agent,0,400,1,1,0,1,22,6,41,4,51,0.01123499870300293,0.2203,0.8273,0,1,0,3,0
289,551020,2,rule_based_agent_1,rule_based_agent,1,400,4,4,0,0,39,20,376,4,400,0.25970983505249023,0.6493,1.9112,0,0,0,1,1
289,551020,3,rule_based_agent_2,rule_based_agent,1,400,3,3,0,0,44,20,375,5,400,0.26781129837036133,0.6695,2.0652,0,0,0,2,0
290,551021,0,benedict_task4,benedict_task4,0,400,2,2,0,0,29,11,70,0,91,0.0031359195709228516,0.0345,0.1009,0,1,1,2,0
290,551021,1,rule_based_agent_0,rule_based_agent,1,400,8,3,1,0,35,29,358,11,400,0.24428749084472656,0.6107,1.9901,0,0,0,1,1
290,551021,2,rule_based_agent_1,rule_based_agent,1,400,2,2,0,0,28,30,359,11,400,0.23070979118347168,0.5768,2.1489,0,0,0,2,0
290,551021,3,rule_based_agent_2,rule_based_agent,0,400,2,2,0,1,18,20,195,10,225,0.08943390846252441,0.3975,1.9131,0,1,0,2,0
291,551022,0,benedict_task4,benedict_task4,1,400,3,3,0,0,39,47,311,14,400,0.04156160354614258,0.1039,0.5481,0,0,0,3,0
291,551022,1,rule_based_agent_0,rule_based_agent,0,400,4,4,0,1,35,22,245,15,284,0.15434694290161133,0.5435,2.115,0,1,0,2,0
291,551022,2,rule_based_agent_1,rule_based_agent,0,400,2,2,0,0,33,17,159,8,184,0.07844400405883789,0.4263,2.126,0,1,1,4,0
291,551022,3,rule_based_agent_2,rule_based_agent,0,400,5,0,1,1,16,33,328,16,382,0.18528127670288086,0.485,2.7952,0,1,0,1,1
292,551023,0,benedict_task4,benedict_task4,1,400,1,1,0,0,40,44,323,6,400,0.03299832344055176,0.0825,0.566,0,0,0,4,0
292,551023,1,rule_based_agent_0,rule_based_agent,1,400,6,1,1,0,32,30,355,10,400,0.20532965660095215,0.5133,1.9948,0,0,0,1,1
292,551023,2,rule_based_agent_1,rule_based_agent,0,400,2,2,0,1,25,8,65,4,77,0.01975083351135254,0.2565,0.9642,0,1,0,3,0
292,551023,3,rule_based_agent_2,rule_based_agent,0,400,5,5,0,1,34,12,109,2,123,0.0357518196105957,0.2907,1.127,0,1,0,2,0
293,551024,0,benedict_task4,benedict_task4,1,400,3,3,0,0,25,45,304,23,400,0.03780484199523926,0.0945,0.5958,0,0,0,1,1
293,551024,1,rule_based_agent_0,rule_based_agent,0,400,2,2,0,1,36,12,111,3,126,0.03612780570983887,0.2867,1.178,0,1,0,2,0
293,551024,2,rule_based_agent_1,rule_based_agent,0,400,2,2,0,1,31,12,132,4,148,0.04276919364929199,0.289,2.121,0,1,0,2,0
293,551024,3,rule_based_agent_2,rule_based_agent,0,400,2,2,0,1,32,27,249,16,296,0.12402129173278809,0.419,2.3034,0,1,0,2,0
294,551025,0,benedict_task4,benedict_task4,0,363,9,4,1,1,39,41,282,6,355,0.03313803672790527,0.0933,0.5181,0,1,0,1,1
294,551025,1,rule_based_agent_0,rule_based_agent,0,363,3,3,0,1,23,12,132,7,151,0.052965641021728516,0.3508,1.802,0,1,0,3,0
294,551025,2,rule_based_agent_1,rule_based_agent,0,363,1,1,0,1,26,7,53,4,64,0.015174150466918945,0.2371,0.5949,0,1,0,4,0
294,551025,3,rule_based_agent_2,rule_based_agent,1,363,6,1,1,0,42,28,309,12,363,0.15105128288269043,0.4161,1.812,0,0,0,2,0
295,551026,0,benedict_task4,benedict_task4,0,317,4,4,0,1,34,17,122,2,152,0.005411863327026367,0.0356,0.144,0,1,0,1,1
295,551026,1,rule_based_agent_0,rule_based_agent,1,317,3,3,0,0,25,22,284,7,317,0.1333451271057129,0.4206,1.9128,0,0,0,2,0
295,551026,2,rule_based_agent_1,rule_based_agent,0,317,0,0,0,1,40,27,277,9,313,0.14391160011291504,0.4598,2.497,0,1,0,4,0
295,551026,3,rule_based_agent_2,rule_based_agent,0,317,2,2,0,1,26,9,75,5,89,0.024205446243286133,0.272,1.1818,0,1,0,3,0
296,551027,0,benedict_task4,benedict_task4,0,400,2,2,0,1,19,9,60,1,76,0.003721475601196289,0.049,0.2601,0,1,0,3,0
296,551027,1,rule_based_agent_0,rule_based_agent,1,400,3,3,0,0,39,39,352,9,400,0.1826307773590088,0.4566,2.023,0,0,0,2,0
296,551027,2,rule_based_agent_1,rule_based_agent,1,400,0,0,0,0,35,40,351,9,400,0.21587157249450684,0.5397,2.2871,0,0,0,4,0
296,551027,3,rule_based_agent_2,rule_based_agent,0,400,4,4,0,1,33,13,135,5,153,0.0635535717010498,0.4154,2.1529,0,1,0,1,1
297,551028,0,benedict_task4,benedict_task4,0,400,1,1,0,1,24,10,63,1,81,0.0030438899993896484,0.0376,0.16,0,1,0,3,0
297,551028,1,rule_based_agent_0,rule_based_agent,1,400,4,4,0,0,36,38,352,9,400,0.2028217315673828,0.5071,2.089,0,0,0,1,1
297,551028,2,rule_based_agent_1,rule_based_agent,0,400,0,0,0,1,17,31,315,16,362,0.16711091995239258,0.4616,2.1932,0,1,0,4,0
297,551028,3,rule_based_agent_2,rule_based_agent,1,400,4,4,0,0,45,35,349,15,400,0.20837044715881348,0.5209,2.367,0,0,0,1,1
298,551029,0,benedict_task4,benedict_task4,1,400,3,3,0,0,38,46,294,29,400,0.031238555908203125,0.0781,0.3891,0,0,0,1,1
298,551029,1,rule_based_agent_0,rule_based_agent,0,400,2,2,0,1,25,18,221,10,249,0.10185718536376953,0.4091,2.0971,0,1,0,3,0
298,551029,2,rule_based_agent_1,rule_based_agent,0,400,1,1,0,1,43,15,139,6,160,0.047215938568115234,0.2951,2.125,0,1,0,4,0
298,551029,3,rule_based_agent_2,rule_based_agent,0,400,3,3,0,1,26,8,82,2,92,0.025425434112548828,0.2764,1.5578,0,1,0,1,1
299,551030,0,benedict_task4,benedict_task4,0,253,4,4,0,1,30,16,132,1,156,0.005735874176025391,0.0368,0.2401,0,1,0,1,1
299,551030,1,rule_based_agent_0,rule_based_agent,1,253,2,2,0,0,26,21,226,2,253,0.11551570892333984,0.4566,1.93,0,0,0,2,0
299,551030,2,rule_based_agent_1,rule_based_agent,0,253,1,1,0,1,35,23,217,9,249,0.10788774490356445,0.4333,1.8101,0,1,0,4,0
299,551030,3,rule_based_agent_2,rule_based_agent,0,253,2,2,0,1,31,10,89,4,103,0.03141951560974121,0.305,1.3108,0,1,0,2,0
300,551031,0,benedict_task4,benedict_task4,0,400,2,2,0,1,35,33,234,3,295,0.022423267364501953,0.076,0.443,0,1,0,3,0
300,551031,1,rule_based_agent_0,rule_based_agent,1,400,8,3,1,0,37,28,363,7,400,0.18273282051086426,0.4568,2.033,0,0,0,1,1
300,551031,2,rule_based_agent_1,rule_based_agent,1,400,1,1,0,0,33,32,356,10,400,0.2022557258605957,0.5056,2.2101,0,0,0,4,0
300,551031,3,rule_based_agent_2,rule_based_agent,0,400,3,3,0,0,26,10,108,1,119,0.04974651336669922,0.418,2.3272,0,1,1,2,0
301,551032,0,benedict_task4,benedict_task4,0,122,7,2,1,1,29,13,84,1,108,0.003916501998901367,0.0363,0.1163,0,1,0,1,1
301,551032,1,rule_based_agent_0,rule_based_agent,0,122,2,2,0,1,26,10,108,3,121,0.043683528900146484,0.361,1.302,0,1,0,2,0
301,551032,2,rule_based_agent_1,rule_based_agent,0,122,1,1,0,1,23,10,107,5,122,0.054602622985839844,0.4476,2.3088,0,1,0,4,0
301,551032,3,rule_based_agent_2,rule_based_agent,0,122,2,2,0,0,16,9,79,2,90,0.03141188621520996,0.349,1.972,0,1,1,2,0
302,551033,0,benedict_task4,benedict_task4,0,400,3,3,0,1,23,11,72,3,94,0.004918575286865234,0.0523,0.2689,0,1,0,2,0
302,551033,1,rule_based_agent_0,rule_based_agent,0,400,1,1,0,1,36,12,85,4,101,0.033197879791259766,0.3287,2.0552,0,1,0,3,0
302,551033,2,rule_based_agent_1,rule_based_agent,1,400,5,5,0,0,33,34,358,8,400,0.21765422821044922,0.5441,2.1439,0,0,0,1,1
302,551033,3,rule_based_agent_2,rule_based_agent,1,400,0,0,0,0,40,37,356,7,400,0.23611974716186523,0.5903,2.1491,0,0,0,4,0
303,551034,0,benedict_task4,benedict_task4,0,400,1,1,0,1,34,21,174,3,218,0.014262676239013672,0.0654,0.5491,0,1,0,4,0
303,551034,1,rule_based_agent_0,rule_based_agent,0,400,2,2,0,0,26,10,84,4,98,0.024973630905151367,0.2548,0.7322,0,1,1,3,0
303,551034,2,rule_based_agent_1,rule_based_agent,1,400,4,4,0,0,36,23,366,11,400,0.24474120140075684,0.6119,2.0649,0,0,0,2,0
303,551034,3,rule_based_agent_2,rule_based_agent,1,400,7,2,1,0,17,22,375,3,400,0.2456035614013672,0.614,1.9033,0,0,0,1,1
304,551035,0,benedict_task4,benedict_task4,1,400,4,4,0,0,31,46,324,6,400,0.041661739349365234,0.1042,0.5021,0,0,0,1,1
304,551035,1,rule_based_agent_0,rule_based_agent,0,400,2,2,0,1,27,23,219,10,252,0.15103602409362793,0.5993,2.1589,0,1,0,2,0
304,551035,2,rule_based_agent_1,rule_based_agent,1,400,2,2,0,0,42,27,338,24,400,0.23024678230285645,0.5756,1.9469,0,0,0,2,0
304,551035,3,rule_based_agent_2,rule_based_agent,0,400,1,1,0,1,28,9,82,3,94,0.02546525001525879,0.2709,1.2989,0,1,0,4,0
305,551036,0,benedict_task4,benedict_task4,0,384,2,2,0,1,37,40,313,4,380,0.04026508331298828,0.106,0.5412,0,1,0,2,0
305,551036,1,rule_based_agent_0,rule_based_agent,0,384,2,2,0,1,43,24,227,15,266,0.11803412437438965,0.4437,1.9178,0,1,0,2,0
305,551036,2,rule_based_agent_1,rule_based_agent,0,384,2,2,0,1,23,7,63,3,73,0.016668319702148438,0.2283,0.6592,0,1,0,2,0
305,551036,3,rule_based_agent_2,rule_based_agent,1,384,3,3,0,0,20,32,333,9,384,0.20296478271484375,0.5286,2.0401,0,0,0,1,1
306,551037,0,benedict_task4,benedict_task4,0,300,3,3,0,1,33,35,230,8,292,0.018219947814941406,0.0624,0.4361,0,1,0,3,0
306,551037,1,rule_based_agent_0,rule_based_agent,1,300,7,2,1,0,34,23,265,3,300,0.14264822006225586,0.4755,1.8692,0,0,0,1,1
306,551037,2,rule_based_agent_1,rule_based_agent,0,300,0,0,0,1,31,9,83,3,95,0.03214144706726074,0.3383,1.375,0,1,0,4,0
306,551037,3,rule_based_agent_2,rule_based_agent,0,300,4,4,0,0,20,7,70,3,80,0.020465373992919922,0.2558,0.9747,0,1,1,2,0
307,551038,0,benedict_task4,benedict_task4,0,294,4,4,0,1,44,29,208,5,266,0.021731853485107422,0.0817,0.7241,0,1,0,2,0
307,551038,1,rule_based_agent_0,rule_based_agent,0,294,2,2,0,0,23,26,244,17,288,0.15430068969726562,0.5358,2.0642,0,1,1,3,0
307,551038,2,rule_based_agent_1,rule_based_agent,0,294,2,2,0,1,27,22,225,20,268,0.13554763793945312,0.5058,2.0671,0,1,0,3,0
307,551038,3,rule_based_agent_2,rule_based_agent,1,294,6,1,1,0,26,21,246,20,294,0.16002988815307617,0.5443,2.1749,0,0,0,1,1
308,551039,0,benedict_task4,benedict_task4,1,400,4,4,0,0,32,48,308,22,400,0.04550433158874512,0.1138,0.483,0,0,0,2,0
308,551039,1,rule_based_agent_0,rule_based_agent,0,400,6,1,1,1,35,31,269,12,317,0.14846301078796387,0.4683,1.8449,0,1,0,1,1
308,551039,2,rule_based_agent_1,rule_based_agent,0,400,2,2,0,1,24,16,154,8,178,0.07144784927368164,0.4014,1.8821,0,1,0,3,0
308,551039,3,rule_based_agent_2,rule_based_agent,0,400,2,2,0,1,33,13,111,5,129,0.0360257625579834,0.2793,1.3041,0,1,0,3,0
309,551040,0,benedict_task4,benedict_task4,1,400,4,4,0,0,44,47,316,6,400,0.040101051330566406,0.1003,0.5698,0,0,0,2,0
309,551040,1,rule_based_agent_0,rule_based_agent,0,400,1,1,0,0,34,16,157,5,178,0.08673572540283203,0.4873,2.2779,0,1,1,4,0
309,551040,2,rule_based_agent_1,rule_based_agent,1,400,12,2,2,0,23,31,348,11,400,0.22603416442871094,0.5651,2.243,0,0,0,1,1
309,551040,3,rule_based_agent_2,rule_based_agent,0,400,2,2,0,1,18,20,209,10,239,0.1102302074432373,0.4612,2.1372,0,1,0,3,0
310,551041,0,benedict_task4,benedict_task4,0,400,1,1,0,1,26,26,182,3,227,0.018589258193969727,0.0819,0.5729,0,1,0,4,0
310,551041,1,rule_based_agent_0,rule_based_agent,1,400,6,1,1,0,22,22,369,9,400,0.2412428855895996,0.6031,1.833,0,0,0,1,1
310,551041,2,rule_based_agent_1,rule_based_agent,0,400,4,4,0,1,28,15,143,5,163,0.05596280097961426,0.3433,1.7912,0,1,0,2,0
310,551041,3,rule_based_agent_2,rule_based_agent,1,400,3,3,0,0,38,22,368,10,400,0.26360034942626953,0.659,2.018,0,0,0,3,0
311,551042,0,benedict_task4,benedict_task4,1,400,9,4,1,0,37,43,313,16,400,0.04340815544128418,0.1085,0.648,0,0,0,1,1
311,551042,1,rule_based_agent_0,rule_based_agent,0,400,1,1,0,0,35,18,225,17,260,0.1111307144165039,0.4274,1.7731,0,1,1,3,0
311,551042,2,rule_based_agent_1,rule_based_agent,0,400,1,1,0,1,15,6,51,4,61,0.014812231063842773,0.2428,0.6416,0,1,0,3,0
311,551042,3,rule_based_agent_2,rule_based_agent,1,400,3,3,0,0,44,35,348,11,400,0.21511554718017578,0.5378,2.5229,0,0,0,2,0
312,551043,0,benedict_task4,benedict_task4,0,289,8,3,1,1,26,33,215,7,285,0.022412538528442383,0.0786,0.6821,0,1,0,1,1
312,551043,1,rule_based_agent_0,rule_based_agent,1,289,3,3,0,0,41,25,249,7,289,0.12493395805358887,0.4323,2.3961,0,0,0,2,0
312,551043,2,rule_based_agent_1,rule_based_agent,0,289,3,3,0,0,33,19,195,11,225,0.11452889442443848,0.509,2.5063,0,1,1,2,0
312,551043,3,rule_based_agent_2,rule_based_agent,0,289,0,0,0,1,10,10,128,5,143,0.05652570724487305,0.3953,2.1369,0,1,0,4,0
313,551044,0,benedict_task4,benedict_task4,1,400,4,4,0,0,38,45,321,8,400,0.04545164108276367,0.1136,0.6933,0,0,0,1,1
313,551044,1,rule_based_agent_0,rule_based_agent,1,400,1,1,0,0,21,33,342,16,400,0.21469354629516602,0.5367,2.2259,0,0,0,3,0
313,551044,2,rule_based_agent_1,rule_based_agent,0,400,3,3,0,1,35,10,87,3,100,0.029311418533325195,0.2931,2.0292,0,1,0,2,0
313,551044,3,rule_based_agent_2,rule_based_agent,0,400,1,1,0,1,25,20,203,11,234,0.11075282096862793,0.4733,2.3131,0,1,0,3,0
314,551045,0,benedict_task4,benedict_task4,0,400,1,1,0,1,19,9,50,1,67,0.002068042755126953,0.0309,0.1061,0,1,0,4,0
314,551045,1,rule_based_agent_0,rule_based_agent,1,400,2,2,0,0,40,39,343,18,400,0.20694780349731445,0.5174,2.444,0,0,0,3,0
314,551045,2,rule_based_agent_1,rule_based_agent,1,400,3,3,0,0,30,33,354,13,400,0.20184707641601562,0.5046,2.1608,0,0,0,1,1
314,551045,3,rule_based_agent_2,rule_based_agent,1,400,3,3,0,0,40,35,353,12,400,0.22807073593139648,0.5702,2.3069,0,0,0,1,1
315,551046,0,benedict_task4,benedict_task4,1,400,8,3,1,0,38,45,310,15,400,0.038482666015625,0.0962,0.5791,0,0,0,1,1
315,551046,1,rule_based_agent_0,rule_based_agent,0,400,2,2,0,1,34,9,61,3,73,0.015075445175170898,0.2065,0.442,0,1,0,3,0
315,551046,2,rule_based_agent_1,rule_based_agent,0,400,1,1,0,0,22,25,221,11,258,0.1486961841583252,0.5763,2.2211,0,1,1,4,0
315,551046,3,rule_based_agent_2,rule_based_agent,0,400,3,3,0,1,29,32,295,18,350,0.18437814712524414,0.5268,2.0549,0,1,0,2,0
316,551047,0,benedict_task4,benedict_task4,0,376,6,1,1,1,32,41,293,5,372,0.041338443756103516,0.1111,0.582,0,1,0,1,1
316,551047,1,rule_based_agent_0,rule_based_agent,1,376,2,2,0,0,30,27,321,19,376,0.2108919620513916,0.5609,1.955,0,0,0,3,0
316,551047,2,rule_based_agent_1,rule_based_agent,0,376,4,4,0,1,37,25,227,16,268,0.11178231239318848,0.4171,1.9782,0,1,0,2,0
316,551047,3,rule_based_agent_2,rule_based_agent,0,376,2,2,0,1,33,27,250,22,299,0.1504688262939453,0.5032,1.8439,0,1,0,3,0
317,551048,0,benedict_task4,benedict_task4,0,254,4,4,0,1,29,10,70,2,95,0.0030777454376220703,0.0324,0.222,0,1,0,1,1
317,551048,1,rule_based_agent_0,rule_based_agent,0,254,1,1,0,1,26,17,153,5,175,0.05363607406616211,0.3065,1.332,0,1,0,3,0
317,551048,2,rule_based_agent_1,rule_based_agent,1,254,4,4,0,0,52,25,221,7,254,0.1401209831237793,0.5517,2.106,0,0,0,1,1
317,551048,3,rule_based_agent_2,rule_based_agent,0,254,0,0,0,1,16,6,36,3,45,0.00860142707824707,0.1911,0.4239,0,1,0,4,0
318,551049,0,benedict_task4,benedict_task4,0,396,3,3,0,1,35,15,98,3,128,0.004131317138671875,0.0323,0.1249,0,1,0,2,0
318,551049,1,rule_based_agent_0,rule_based_agent,0,396,4,4,0,1,39,34,341,16,392,0.18573546409606934,0.4738,1.9448,0,1,0,1,1
318,551049,2,rule_based_agent_1,rule_based_agent,1,396,2,2,0,0,33,33,343,16,396,0.16960573196411133,0.4283,1.9069,0,0,0,3,0
318,551049,3,rule_based_agent_2,rule_based_agent,0,396,0,0,0,1,20,8,57,4,69,0.01702117919921875,0.2467,0.5949,0,1,0,4,0
319,551050,0,benedict_task4,benedict_task4,1,400,5,5,0,0,42,46,316,12,400,0.03485584259033203,0.0871,0.5558,0,0,0,1,1
319,551050,1,rule_based_agent_0,rule_based_agent,1,400,2,2,0,0,38,33,356,5,400,0.2004852294921875,0.5012,1.7941,0,0,0,2,0
319,551050,2,rule_based_agent_1,rule_based_agent,0,400,0,0,0,1,25,10,95,6,111,0.033125877380371094,0.2984,1.087,0,1,0,4,0
319,551050,3,rule_based_agent_2,rule_based_agent,0,400,2,2,0,1,31,12,121,9,142,0.04735684394836426,0.3335,1.7569,0,1,0,2,0
320,551051,0,benedict_task4,benedict_task4,0,189,3,3,0,1,28,13,80,4,104,0.007118940353393555,0.0685,0.3002,0,1,0,1,1
320,551051,1,rule_based_agent_0,rule_based_agent,0,189,2,2,0,1,18,11,123,6,140,0.05525779724121094,0.3947,2.1739,0,1,0,3,0
320,551051,2,rule_based_agent_1,rule_based_agent,1,189,3,3,0,0,52,19,166,0,189,0.09686017036437988,0.5125,2.0471,0,0,0,1,1
320,551051,3,rule_based_agent_2,rule_based_agent,0,189,1,1,0,1,27,11,125,2,138,0.047208547592163086,0.3421,1.3499,0,1,0,4,0
321,551052,0,benedict_task4,benedict_task4,1,400,9,4,1,0,33,49,291,34,400,0.03008580207824707,0.0752,0.493,0,0,0,1,1
321,551052,1,rule_based_agent_0,rule_based_agent,0,400,2,2,0,1,24,9,83,6,98,0.030984878540039062,0.3162,1.9453,0,1,0,3,0
321,551052,2,rule_based_agent_1,rule_based_agent,0,400,0,0,0,0,20,10,101,2,113,0.04724287986755371,0.4181,2.1896,0,1,1,4,0
321,551052,3,rule_based_agent_2,rule_based_agent,0,400,3,3,0,1,38,20,229,7,257,0.09939360618591309,0.3867,2.048,0,1,0,2,0
322,551053,0,benedict_task4,benedict_task4,0,400,1,1,0,1,14,12,90,2,113,0.007578372955322266,0.0671,0.2611,0,1,0,3,0
322,551053,1,rule_based_agent_0,rule_based_agent,1,400,3,3,0,0,53,40,352,8,400,0.18375563621520996,0.4594,1.9908,0,0,0,2,0
322,551053,2,rule_based_agent_1,rule_based_agent,1,400,9,4,1,0,31,37,355,8,400,0.1847546100616455,0.4619,1.905,0,0,0,1,1
322,551053,3,rule_based_agent_2,rule_based_agent,0,400,1,1,0,0,24,7,53,1,61,0.01589179039001465,0.2605,0.9029,0,1,1,3,0
323,551054,0,benedict_task4,benedict_task4,1,400,5,5,0,0,33,48,288,32,400,0.04426288604736328,0.1107,0.524,0,0,0,1,1
323,551054,1,rule_based_agent_0,rule_based_agent,0,400,2,2,0,1,28,10,83,3,96,0.02329111099243164,0.2426,0.6959,0,1,0,2,0
323,551054,2,rule_based_agent_1,rule_based_agent,0,400,1,1,0,1,24,22,234,8,269,0.13886761665344238,0.5162,1.9441,0,1,0,3,0
323,551054,3,rule_based_agent_2,rule_based_agent,0,400,1,1,0,1,33,12,103,4,119,0.046335697174072266,0.3894,2.1172,0,1,0,3,0
324,551055,0,benedict_task4,benedict_task4,0,244,2,2,0,1,31,11,74,2,95,0.003706216812133789,0.039,0.1938,0,1,0,2,0
324,551055,1,rule_based_agent_0,rule_based_agent,1,244,6,6,0,0,42,20,218,2,244,0.13034844398498535,0.5342,2.1257,0,0,0,1,1
324,551055,2,rule_based_agent_1,rule_based_agent,0,244,1,1,0,1,30,8,57,4,69,0.014145851135253906,0.205,0.437,0,1,0,3,0
324,551055,3,rule_based_agent_2,rule_based_agent,0,244,0,0,0,1,26,14,125,5,144,0.05524325370788574,0.3836,2.2492,0,1,0,4,0
325,551056,0,benedict_task4,benedict_task4,0,282,7,2,1,1,41,32,213,4,278,0.021118640899658203,0.076,0.5767,0,1,0,2,0
325,551056,1,rule_based_agent_0,rule_based_agent,0,282,2,2,0,1,25,9,81,5,95,0.03624153137207031,0.3815,1.9019,0,1,0,3,0
325,551056,2,rule_based_agent_1,rule_based_agent,0,282,0,0,0,0,22,9,63,2,74,0.02549600601196289,0.3445,1.3208,0,1,1,4,0
325,551056,3,rule_based_agent_2,rule_based_agent,1,282,10,5,1,0,34,23,249,3,282,0.11469125747680664,0.4067,1.7688,0,0,0,1,1
326,551057,0,benedict_task4,benedict_task4,1,400,9,4,1,0,29,47,305,32,400,0.0375063419342041,0.0938,0.4971,0,0,0,2,0
326,551057,1,rule_based_agent_0,rule_based_agent,0,400,0,0,0,0,26,8,57,3,68,0.017817974090576172,0.262,0.8471,0,1,1,3,0
326,551057,2,rule_based_agent_1,rule_based_agent,0,400,0,0,0,0,16,8,61,4,73,0.018330097198486328,0.2511,0.6351,0,1,1,3,0
326,551057,3,rule_based_agent_2,rule_based_agent,0,400,10,5,1,1,41,19,205,5,229,0.09112691879272461,0.3979,1.8287,0,1,0,1,1
327,551058,0,benedict_task4,benedict_task4,1,400,6,1,1,0,37,49,313,12,400,0.04918837547302246,0.123,0.6132,0,0,0,1,1
327,551058,1,rule_based_agent_0,rule_based_agent,0,400,3,3,0,1,25,13,145,5,163,0.07238936424255371,0.4441,1.9791,0,1,0,3,0
327,551058,2,rule_based_agent_1,rule_based_agent,1,400,1,1,0,0,34,32,345,11,400,0.21370530128479004,0.5343,2.111,0,0,0,4,0
327,551058,3,rule_based_agent_2,rule_based_agent,0,400,4,4,0,0,28,14,141,6,161,0.0566411018371582,0.3518,1.9672,0,1,1,2,0
328,551059,0,benedict_task4,benedict_task4,1,400,2,2,0,0,33,44,318,11,400,0.04524803161621094,0.1131,0.5634,0,0,0,3,0
328,551059,1,rule_based_agent_0,rule_based_agent,0,400,3,3,0,1,35,29,259,17,307,0.1392364501953125,0.4535,2.0139,0,1,0,1,1
328,551059,2,rule_based_agent_1,rule_based_agent,1,400,3,3,0,0,27,33,346,17,400,0.19353914260864258,0.4838,2.8789,0,0,0,1,1
328,551059,3,rule_based_agent_2,rule_based_agent,0,400,1,1,0,1,27,10,87,4,101,0.03789710998535156,0.3752,1.8513,0,1,0,4,0
329,551060,0,benedict_task4,benedict_task4,0,400,2,2,0,1,28,12,79,2,106,0.0037643909454345703,0.0355,0.16,0,1,0,2,0
329,551060,1,rule_based_agent_0,rule_based_agent,1,400,2,2,0,0,31,25,363,11,400,0.24708056449890137,0.6177,2.146,0,0,0,2,0
329,551060,2,rule_based_agent_1,rule_based_agent,1,400,3,3,0,0,29,30,360,10,400,0.22423219680786133,0.5606,1.967,0,0,0,1,1
329,551060,3,rule_based_agent_2,rule_based_agent,0,400,2,2,0,1,32,18,165,7,190,0.08363652229309082,0.4402,1.96,0,1,0,2,0
330,551061,0,benedict_task4,benedict_task4,0,400,9,4,1,1,54,36,282,11,360,0.03332829475402832,0.0926,0.6051,0,1,0,1,1
330,551061,1,rule_based_agent_0,rule_based_agent,1,400,1,1,0,0,21,35,343,21,400,0.19614505767822266,0.4904,2.0568,0,0,0,3,0
330,551061,2,rule_based_agent_1,rule_based_agent,1,400,3,3,0,0,34,34,354,11,400,0.1748366355895996,0.4371,1.8649,0,0,0,2,0
330,551061,3,rule_based_agent_2,rule_based_agent,0,400,1,1,0,1,21,25,227,9,261,0.12060403823852539,0.4621,2.1431,0,1,0,3,0
331,551062,0,benedict_task4,benedict_task4,1,400,11,6,1,0,65,49,287,25,400,0.024866819381713867,0.0622,0.5159,0,0,0,1,1
331,551062,1,rule_based_agent_0,rule_based_agent,0,400,0,0,0,1,11,5,39,2,46,0.015247583389282227,0.3315,1.0209,0,1,0,3,0
331,551062,2,rule_based_agent_1,rule_based_agent,0,400,0,0,0,1,16,6,37,5,48,0.009300947189331055,0.1938,0.447,0,1,0,3,0
331,551062,3,rule_based_agent_2,rule_based_agent,0,400,3,3,0,1,28,8,61,4,73,0.020035266876220703,0.2745,1.0679,0,1,0,2,0
332,551063,0,benedict_task4,benedict_task4,0,328,0,0,0,1,12,6,36,1,46,0.0018384456634521484,0.04,0.134,0,1,0,4,0
332,551063,1,rule_based_agent_0,rule_based_agent,1,328,12,7,1,0,54,28,290,6,328,0.17023444175720215,0.519,2.1372,0,0,0,1,1
332,551063,2,rule_based_agent_1,rule_based_agent,0,328,1,1,0,0,24,10,100,7,117,0.0435938835144043,0.3726,1.4341,0,1,1,2,0
332,551063,3,rule_based_agent_2,rule_based_agent,0,328,1,1,0,1,38,18,167,7,192,0.07060623168945312,0.3677,1.7509,0,1,0,2,0
333,551064,0,benedict_task4,benedict_task4,0,400,2,2,0,1,19,16,93,3,121,0.00781702995300293,0.0646,0.3121,0,1,0,1,1
333,551064,1,rule_based_agent_0,rule_based_agent,1,400,2,2,0,0,32,33,353,14,400,0.226790189743042,0.567,2.2461,0,0,0,1,1
333,551064,2,rule_based_agent_1,rule_based_agent,1,400,2,2,0,0,48,36,350,14,400,0.21315622329711914,0.5329,2.3003,0,0,0,1,1
333,551064,3,rule_based_agent_2,rule_based_agent,0,400,2,2,0,1,26,9,73,2,84,0.023388147354125977,0.2784,1.4062,0,1,0,1,1
334,551065,0,benedict_task4,benedict_task4,0,278,4,4,0,1,35,28,199,2,251,0.017241954803466797,0.0687,0.5088,0,1,0,1,1
334,551065,1,rule_based_agent_0,rule_based_agent,0,278,1,1,0,1,26,23,236,14,274,0.13335347175598145,0.4867,1.826,0,1,0,4,0
334,551065,2,rule_based_agent_1,rule_based_agent,0,278,2,2,0,1,37,20,175,17,212,0.08163213729858398,0.3851,2.0821,0,1,0,2,0
334,551065,3,rule_based_agent_2,rule_based_agent,1,278,2,2,0,0,28,26,236,11,278,0.10169076919555664,0.3658,2.1379,0,0,0,2,0
335,551066,0,benedict_task4,benedict_task4,0,230,2,2,0,1,32,26,180,2,222,0.014871597290039062,0.067,0.6011,0,1,0,2,0
335,551066,1,rule_based_agent_0,rule_based_agent,0,230,2,2,0,1,25,6,48,4,58,0.012961387634277344,0.2235,0.8271,0,1,0,2,0
335,551066,2,rule_based_agent_1,rule_based_agent,0,230,1,1,0,1,32,12,135,3,150,0.04918050765991211,0.3279,1.5123,0,1,0,4,0
335,551066,3,rule_based_agent_2,rule_based_agent,1,230,4,4,0,0,35,18,197,4,230,0.08092927932739258,0.3519,2.0022,0,0,0,1,1
336,551067,0,benedict_task4,benedict_task4,0,400,3,3,0,1,30,21,164,1,197,0.013816118240356445,0.0701,0.5882,0,1,0,2,0
336,551067,1,rule_based_agent_0,rule_based_agent,0,400,2,2,0,1,23,9,87,3,99,0.027144670486450195,0.2742,0.9849,0,1,0,3,0
336,551067,2,rule_based_agent_1,rule_based_agent,1,400,0,0,0,0,46,20,378,2,400,0.26947879791259766,0.6737,2.0101,0,0,0,4,0
336,551067,3,rule_based_agent_2,rule_based_agent,1,400,4,4,0,0,31,20,373,7,400,0.25957655906677246,0.6489,2.027,0,0,0,1,1
337,551068,0,benedict_task4,benedict_task4,1,400,7,2,1,0,40,45,317,8,400,0.0392763614654541,0.0982,0.5291,0,0,0,2,0
337,551068,1,rule_based_agent_0,rule_based_agent,0,400,3,3,0,0,28,21,228,4,255,0.13492155075073242,0.5291,1.9758,0,1,1,3,0
337,551068,2,rule_based_agent_1,rule_based_agent,1,400,9,4,1,0,34,35,350,8,400,0.19993376731872559,0.4998,2.0192,0,0,0,1,1
337,551068,3,rule_based_agent_2,rule_based_agent,0,400,0,0,0,1,27,9,83,1,93,0.027328014373779297,0.2938,0.874,0,1,0,4,0
338,551069,0,benedict_task4,benedict_task4,0,265,1,1,0,1,17,6,40,1,51,0.0015332698822021484,0.0301,0.0761,0,1,0,3,0
338,551069,1,rule_based_agent_0,rule_based_agent,1,265,9,4,1,0,40,21,241,3,265,0.12108349800109863,0.4569,2.0893,0,0,0,1,1
338,551069,2,rule_based_agent_1,rule_based_agent,0,265,1,1,0,1,30,19,181,6,206,0.10457873344421387,0.5077,2.0909,0,1,0,3,0
338,551069,3,rule_based_agent_2,rule_based_agent,0,265,3,3,0,1,27,13,123,6,142,0.06862258911132812,0.4833,2.9492,0,1,0,2,0
339,551070,0,benedict_task4,benedict_task4,1,400,7,2,1,0,27,48,301,27,400,0.04049539566040039,0.1012,0.561,0,0,0,1,1
339,551070,1,rule_based_agent_0,rule_based_agent,0,400,1,1,0,1,19,6,53,2,61,0.02176690101623535,0.3568,1.3459,0,1,0,4,0
339,551070,2,rule_based_agent_1,rule_based_agent,0,400,4,4,0,1,48,29,263,7,304,0.1446704864501953,0.4759,1.9128,0,1,0,2,0
339,551070,3,rule_based_agent_2,rule_based_agent,0,400,2,2,0,1,32,19,181,12,212,0.11200284957885742,0.5283,1.9917,0,1,0,3,0
340,551071,0,benedict_task4,benedict_task4,0,246,9,4,1,1,38,23,203,2,242,0.015717029571533203,0.0649,0.3011,0,1,0,1,1
340,551071,1,rule_based_agent_0,rule_based_agent,1,246,3,3,0,0,31,22,211,9,246,0.10459256172180176,0.4252,3.0131,0,0,0,2,0
340,551071,2,rule_based_agent_1,rule_based_agent,0,246,1,1,0,1,36,19,189,6,214,0.12353134155273438,0.5772,2.7061,0,1,0,3,0
340,551071,3,rule_based_agent_2,rule_based_agent,0,246,1,1,0,0,22,7,47,3,57,0.01526498794555664,0.2678,2.2361,0,1,1,3,0
341,551072,0,benedict_task4,benedict_task4,0,217,4,4,0,1,23,20,136,2,170,0.0053997039794921875,0.0318,0.114,0,1,0,1,1
341,551072,1,rule_based_agent_0,rule_based_agent,0,217,1,1,0,1,32,9,105,1,115,0.042131900787353516,0.3664,1.6999,0,1,0,3,0
341,551072,2,rule_based_agent_1,rule_based_agent,0,217,1,1,0,1,30,10,71,6,87,0.019621849060058594,0.2255,0.7973,0,1,0,3,0
341,551072,3,rule_based_agent_2,rule_based_agent,1,217,3,3,0,0,37,15,194,4,217,0.11229419708251953,0.5175,2.0909,0,0,0,2,0
342,551073,0,benedict_task4,benedict_task4,0,343,5,5,0,1,28,38,271,8,339,0.03655576705932617,0.1078,0.5398,0,1,0,1,1
342,551073,1,rule_based_agent_0,rule_based_agent,0,343,0,0,0,1,32,13,113,4,130,0.04551362991333008,0.3501,1.95,0,1,0,4,0
342,551073,2,rule_based_agent_1,rule_based_agent,1,343,1,1,0,0,33,34,287,14,343,0.15575909614562988,0.4541,1.8339,0,0,0,3,0
342,551073,3,rule_based_agent_2,rule_based_agent,0,343,3,3,0,1,25,25,211,12,248,0.10659956932067871,0.4298,1.9619,0,1,0,2,0
343,551074,0,benedict_task4,benedict_task4,0,400,3,3,0,0,36,29,208,4,264,0.017786264419555664,0.0674,0.6349,0,1,1,3,0
343,551074,1,rule_based_agent_0,rule_based_agent,0,400,3,3,0,1,32,20,213,3,236,0.10262155532836914,0.4348,1.9779,0,1,0,3,0
343,551074,2,rule_based_agent_1,rule_based_agent,1,400,6,1,1,0,23,23,367,9,400,0.24460244178771973,0.6115,1.8768,0,0,0,2,0
343,551074,3,rule_based_agent_2,rule_based_agent,1,400,7,2,1,0,34,26,366,7,400,0.23964357376098633,0.5991,1.956,0,0,0,1,1
344,551075,0,benedict_task4,benedict_task4,0,205,4,4,0,1,27,18,141,2,182,0.0071163177490234375,0.0391,0.15,0,1,0,2,0
344,551075,1,rule_based_agent_0,rule_based_agent,0,205,1,1,0,1,21,10,85,3,98,0.023622989654541016,0.2411,0.8111,0,1,0,4,0
344,551075,2,rule_based_agent_1,rule_based_agent,0,205,5,0,1,1,27,11,103,3,117,0.03336930274963379,0.2852,0.9139,0,1,0,1,1
344,551075,3,rule_based_agent_2,rule_based_agent,1,205,4,4,0,0,47,18,180,3,205,0.10753703117370605,0.5246,2.2011,0,0,0,2,0
345,551076,0,benedict_task4,benedict_task4,1,400,6,6,0,0,33,43,323,10,400,0.03436636924743652,0.0859,0.6709,0,0,0,1,1
345,551076,1,rule_based_agent_0,rule_based_agent,1,400,5,0,1,0,34,31,354,11,400,0.1894547939300537,0.4736,1.967,0,0,0,2,0
345,551076,2,rule_based_agent_1,rule_based_agent,0,400,1,1,0,1,20,10,84,4,98,0.025643348693847656,0.2617,0.7391,0,1,0,4,0
345,551076,3,rule_based_agent_2,rule_based_agent,0,400,2,2,0,0,32,27,267,7,301,0.14330339431762695,0.4761,2.0661,0,1,1,3,0
346,551077,0,benedict_task4,benedict_task4,0,400,2,2,0,1,48,26,185,4,241,0.013431310653686523,0.0557,0.4292,0,1,0,3,0
346,551077,1,rule_based_agent_0,rule_based_agent,1,400,4,4,0,0,42,28,362,7,400,0.22057271003723145,0.5514,2.1172,0,0,0,2,0
346,551077,2,rule_based_agent_1,rule_based_agent,1,400,6,1,1,0,20,26,365,6,400,0.22304487228393555,0.5576,1.919,0,0,0,1,1
346,551077,3,rule_based_agent_2,rule_based_agent,0,400,2,2,0,1,20,7,59,5,71,0.022481203079223633,0.3166,1.4951,0,1,0,3,0
347,551078,0,benedict_task4,benedict_task4,0,354,8,3,1,1,28,39,275,9,350,0.0286715030670166,0.0819,0.54,0,1,0,1,1
347,551078,1,rule_based_agent_0,rule_based_agent,1,354,8,3,1,0,34,29,305,9,354,0.1671891212463379,0.4723,1.9209,0,0,0,1,1
347,551078,2,rule_based_agent_1,rule_based_agent,0,354,2,2,0,1,21,12,111,3,126,0.04033088684082031,0.3201,1.7629,0,1,0,3,0
347,551078,3,rule_based_agent_2,rule_based_agent,0,354,1,1,0,0,32,18,205,10,233,0.09272575378417969,0.398,1.8892,0,1,1,4,0
348,551079,0,benedict_task4,benedict_task4,0,350,3,3,0,0,27,11,77,2,100,0.0034995079040527344,0.035,0.2129,0,1,1,3,0
348,551079,1,rule_based_agent_0,rule_based_agent,0,350,1,1,0,1,24,15,121,7,143,0.03918957710266113,0.2741,1.143,0,1,0,4,0
348,551079,2,rule_based_agent_1,rule_based_agent,1,350,7,2,1,0,31,29,312,5,350,0.18128705024719238,0.518,1.9791,0,0,0,2,0
348,551079,3,rule_based_agent_2,rule_based_agent,0,350,8,3,1,1,42,26,273,10,309,0.1478438377380371,0.4785,1.868,0,1,0,1,1
349,551080,0,benedict_task4,benedict_task4,0,400,3,3,0,1,33,19,150,3,187,0.0112457275390625,0.0601,0.4342,0,1,0,1,1
349,551080,1,rule_based_agent_0,rule_based_agent,0,400,2,2,0,1,31,10,77,2,89,0.02867436408996582,0.3222,1.3251,0,1,0,3,0
349,551080,2,rule_based_agent_1,rule_based_agent,1,400,3,3,0,0,23,26,363,10,400,0.28565287590026855,0.7141,2.3789,0,0,0,1,1
349,551080,3,rule_based_agent_2,rule_based_agent,1,400,1,1,0,0,29,26,364,10,400,0.2763683795928955,0.6909,1.914,0,0,0,4,0
350,551081,0,benedict_task4,benedict_task4,0,222,3,3,0,1,30,25,170,3,216,0.01455068588256836,0.0674,0.5512,0,1,0,2,0
350,551081,1,rule_based_agent_0,rule_based_agent,0,222,2,2,0,1,38,21,185,12,218,0.08661055564880371,0.3973,1.879,0,1,0,3,0
350,551081,2,rule_based_agent_1,rule_based_agent,1,222,7,2,1,0,24,20,193,5,222,0.08158540725708008,0.3675,1.8489,0,0,0,1,1
350,551081,3,rule_based_agent_2,rule_based_agent,0,222,2,2,0,0,27,15,145,4,164,0.061354875564575195,0.3741,1.9271,0,1,1,3,0
351,551082,0,benedict_task4,benedict_task4,0,238,3,3,0,1,38,25,172,1,214,0.007154703140258789,0.0334,0.2611,0,1,0,1,1
351,551082,1,rule_based_agent_0,rule_based_agent,0,238,3,3,0,1,27,11,111,6,128,0.041701555252075195,0.3258,2.1932,0,1,0,1,1
351,551082,2,rule_based_agent_1,rule_based_agent,0,238,3,3,0,1,25,9,72,3,84,0.02209639549255371,0.2631,0.8008,0,1,0,1,1
351,551082,3,rule_based_agent_2,rule_based_agent,1,238,0,0,0,0,33,14,216,4,238,0.08577466011047363,0.3604,2.0533,0,0,0,4,0
352,551083,0,benedict_task4,benedict_task4,0,400,2,2,0,1,31,42,293,6,371,0.045297861099243164,0.1221,0.5479,0,1,0,2,0
352,551083,1,rule_based_agent_0,rule_based_agent,0,400,2,2,0,1,19,19,229,14,262,0.135420560836792,0.5169,1.9069,0,1,0,2,0
352,551083,2,rule_based_agent_1,rule_based_agent,1,400,0,0,0,0,37,39,339,16,400,0.2532773017883301,0.6332,1.9007,0,0,0,4,0
352,551083,3,rule_based_agent_2,rule_based_agent,1,400,5,5,0,0,36,34,352,14,400,0.21853160858154297,0.5463,1.9042,0,0,0,1,1
353,551084,0,benedict_task4,benedict_task4,0,207,2,2,0,1,35,12,76,3,97,0.0027360916137695312,0.0282,0.0689,0,1,0,3,0
353,551084,1,rule_based_agent_0,rule_based_agent,0,207,6,1,1,1,17,8,70,1,79,0.02550649642944336,0.3229,0.972,0,1,0,1,1
353,551084,2,rule_based_agent_1,rule_based_agent,1,207,4,4,0,0,38,17,184,2,207,0.1226036548614502,0.5923,2.1827,0,0,0,2,0
353,551084,3,rule_based_agent_2,rule_based_agent,0,207,2,2,0,1,29,8,67,4,79,0.0222928524017334,0.2822,1.014,0,1,0,3,0
354,551085,0,benedict_task4,benedict_task4,0,237,5,5,0,1,40,28,173,5,233,0.017757177352905273,0.0762,0.5481,0,1,0,1,1
354,551085,1,rule_based_agent_0,rule_based_agent,0,237,2,2,0,1,31,19,165,6,191,0.07526564598083496,0.3941,1.8668,0,1,0,2,0
354,551085,2,rule_based_agent_1,rule_based_agent,0,237,1,1,0,1,15,6,47,3,56,0.012871980667114258,0.2299,0.8171,0,1,0,3,0
354,551085,3,rule_based_agent_2,rule_based_agent,1,237,1,1,0,0,28,22,201,7,237,0.10494756698608398,0.4428,1.7312,0,0,0,3,0
355,551086,0,benedict_task4,benedict_task4,0,335,2,2,0,1,36,40,260,3,327,0.02747631072998047,0.084,0.4609,0,1,0,3,0
355,551086,1,rule_based_agent_0,rule_based_agent,0,335,2,2,0,0,26,9,71,2,82,0.020761489868164062,0.2532,1.5309,0,1,1,3,0
355,551086,2,rule_based_agent_1,rule_based_agent,0,335,4,4,0,1,31,19,157,6,182,0.060790061950683594,0.334,1.8692,0,1,0,2,0
355,551086,3,rule_based_agent_2,rule_based_agent,1,335,6,1,1,0,30,26,279,14,335,0.15600204467773438,0.4657,1.8179,0,0,0,1,1
356,551087,0,benedict_task4,benedict_task4,0,235,1,1,0,0,37,24,164,2,206,0.009079217910766602,0.0441,0.3412,0,1,1,3,0
356,551087,1,rule_based_agent_0,rule_based_agent,0,235,1,1,0,0,25,11,116,4,131,0.033870697021484375,0.2586,0.757,0,1,1,3,0
356,551087,2,rule_based_agent_1,rule_based_agent,1,235,6,6,0,0,34,18,208,5,235,0.09969425201416016,0.4242,1.8151,0,0,0,2,0
356,551087,3,rule_based_agent_2,rule_based_agent,0,235,11,1,2,1,34,20,174,12,206,0.0652930736541748,0.317,1.3928,0,1,0,1,1
357,551088,0,benedict_task4,benedict_task4,0,400,1,1,0,1,21,16,122,1,149,0.005229949951171875,0.0351,0.2031,0,1,0,4,0
357,551088,1,rule_based_agent_0,rule_based_agent,1,400,3,3,0,0,38,28,364,8,400,0.231964111328125,0.5799,2.1901,0,0,0,1,1
357,551088,2,rule_based_agent_1,rule_based_agent,1,400,2,2,0,0,42,28,367,5,400,0.22002387046813965,0.5501,2.156,0,0,0,3,0
357,551088,3,rule_based_agent_2,rule_based_agent,0,400,3,3,0,1,23,7,47,4,58,0.010671377182006836,0.184,0.464,0,1,0,1,1
358,551089,0,benedict_task4,benedict_task4,0,400,4,4,0,1,29,25,187,5,242,0.015735864639282227,0.065,0.448,0,1,0,1,1
358,551089,1,rule_based_agent_0,rule_based_agent,1,400,3,3,0,0,37,30,363,6,400,0.20786285400390625,0.5197,2.3022,0,0,0,2,0
358,551089,2,rule_based_agent_1,rule_based_agent,0,400,2,2,0,1,21,7,51,4,62,0.014478921890258789,0.2335,0.6709,0,1,0,3,0
358,551089,3,rule_based_agent_2,rule_based_agent,1,400,0,0,0,0,34,30,354,14,400,0.2219395637512207,0.5548,1.9269,0,0,0,4,0
359,551090,0,benedict_task4,benedict_task4,0,299,2,2,0,1,28,13,85,1,113,0.003412961959838867,0.0302,0.0801,0,1,0,2,0
359,551090,1,rule_based_agent_0,rule_based_agent,1,299,10,5,1,0,45,24,270,1,299,0.19838309288024902,0.6635,2.1603,0,0,0,1,1
359,551090,2,rule_based_agent_1,rule_based_agent,0,299,1,1,0,1,29,7,53,1,61,0.015468358993530273,0.2536,0.5858,0,1,0,3,0
359,551090,3,rule_based_agent_2,rule_based_agent,0,299,1,1,0,1,32,12,103,9,124,0.03630375862121582,0.2928,1.0598,0,1,0,3,0
360,551091,0,benedict_task4,benedict_task4,0,349,2,2,0,1,41,37,274,6,345,0.031954050064086914,0.0926,0.5252,0,1,0,2,0
360,551091,1,rule_based_agent_0,rule_based_agent,0,349,0,0,0,1,17,13,115,3,131,0.05323004722595215,0.4063,1.9331,0,1,0,4,0
360,551091,2,rule_based_agent_1,rule_based_agent,1,349,5,5,0,0,34,30,305,6,349,0.177687406539917,0.5091,1.9021,0,0,0,1,1
360,551091,3,rule_based_agent_2,rule_based_agent,0,349,2,2,0,1,33,23,229,14,266,0.12070584297180176,0.4538,1.9591,0,1,0,2,0
361,551092,0,benedict_task4,benedict_task4,0,261,4,4,0,0,25,23,185,6,226,0.0178377628326416,0.0789,0.6189,0,1,1,3,0
361,551092,1,rule_based_agent_0,rule_based_agent,1,261,7,2,1,0,42,25,224,5,261,0.10799098014831543,0.4138,2.1491,0,0,0,2,0
361,551092,2,rule_based_agent_1,rule_based_agent,0,261,2,2,0,0,30,12,124,2,138,0.04656052589416504,0.3374,2.033,0,1,1,4,0
361,551092,3,rule_based_agent_2,rule_based_agent,0,261,11,1,2,0,25,22,228,3,255,0.11047887802124023,0.4333,2.0611,0,1,1,1,1
362,551093,0,benedict_task4,benedict_task4,0,211,11,6,1,1,52,22,163,1,207,0.007990121841430664,0.0386,0.2587,0,1,0,1,1
362,551093,1,rule_based_agent_0,rule_based_agent,1,211,2,2,0,0,27,15,187,4,211,0.07870721817016602,0.373,2.1019,0,0,0,3,0
362,551093,2,rule_based_agent_1,rule_based_agent,0,211,6,1,1,0,34,18,154,9,181,0.06341719627380371,0.3504,1.878,0,1,1,2,0
362,551093,3,rule_based_agent_2,rule_based_agent,0,211,0,0,0,0,17,15,129,3,147,0.04541516304016113,0.3089,1.909,0,1,1,4,0
363,551094,0,benedict_task4,benedict_task4,0,400,2,2,0,0,32,13,74,3,100,0.0040607452392578125,0.0406,0.2019,0,1,1,4,0
363,551094,1,rule_based_agent_0,rule_based_agent,0,400,8,3,1,1,25,12,93,10,115,0.040123701095581055,0.3489,2.0051,0,1,0,2,0
363,551094,2,rule_based_agent_1,rule_based_agent,1,400,12,2,2,0,28,35,360,5,400,0.2098546028137207,0.5246,2.8207,0,0,0,1,1
363,551094,3,rule_based_agent_2,rule_based_agent,1,400,7,2,1,0,35,35,353,12,400,0.18368053436279297,0.4592,2.1927,0,0,0,3,0
364,551095,0,benedict_task4,benedict_task4,0,400,0,0,0,1,8,5,30,1,39,0.0016360282897949219,0.0419,0.1409,0,1,0,3,0
364,551095,1,rule_based_agent_0,rule_based_agent,1,400,5,5,0,0,38,37,347,16,400,0.20003867149353027,0.5001,2.358,0,0,0,1,1
364,551095,2,rule_based_agent_1,rule_based_agent,0,400,0,0,0,1,33,12,101,2,115,0.04680752754211426,0.407,1.95,0,1,0,3,0
364,551095,3,rule_based_agent_2,rule_based_agent,1,400,4,4,0,0,39,33,358,9,400,0.18738698959350586,0.4685,2.368,0,0,0,2,0
365,551096,0,benedict_task4,benedict_task4,0,240,3,3,0,1,37,14,89,1,116,0.004236459732055664,0.0365,0.1361,0,1,0,2,0
365,551096,1,rule_based_agent_0,rule_based_agent,0,240,2,2,0,0,17,7,62,2,71,0.020873308181762695,0.294,0.6871,0,1,1,3,0
365,551096,2,rule_based_agent_1,rule_based_agent,0,240,8,3,1,1,23,7,61,3,71,0.01708674430847168,0.2407,0.5019,0,1,0,1,1
365,551096,3,rule_based_agent_2,rule_based_agent,1,240,1,1,0,0,40,20,214,2,240,0.1730031967163086,0.7208,2.1827,0,0,0,4,0
366,551097,0,benedict_task4,benedict_task4,1,400,8,3,1,0,40,44,323,5,400,0.03492093086242676,0.0873,0.5422,0,0,0,1,1
366,551097,1,rule_based_agent_0,rule_based_agent,0,400,0,0,0,1,24,9,77,1,87,0.025138378143310547,0.2889,1.0829,0,1,0,4,0
366,551097,2,rule_based_agent_1,rule_based_agent,1,400,4,4,0,0,36,37,339,19,400,0.2132418155670166,0.5331,2.207,0,0,0,2,0
366,551097,3,rule_based_agent_2,rule_based_agent,0,400,2,2,0,0,29,25,251,9,285,0.15137076377868652,0.5311,2.0323,0,1,1,3,0
367,551098,0,benedict_task4,benedict_task4,1,400,0,0,0,0,34,50,320,7,400,0.03190279006958008,0.0798,0.5209,0,0,0,4,0
367,551098,1,rule_based_agent_0,rule_based_agent,0,400,2,2,0,1,22,9,89,2,100,0.028725862503051758,0.2873,1.291,0,1,0,2,0
367,551098,2,rule_based_agent_1,rule_based_agent,1,400,5,5,0,0,29,27,356,7,400,0.1871967315673828,0.468,1.971,0,0,0,1,1
367,551098,3,rule_based_agent_2,rule_based_agent,0,400,2,2,0,1,28,9,73,5,87,0.023179292678833008,0.2664,1.1861,0,1,0,2,0
368,551099,0,benedict_task4,benedict_task4,0,277,1,1,0,1,32,16,106,1,137,0.008948326110839844,0.0653,0.1779,0,1,0,4,0
368,551099,1,rule_based_agent_0,rule_based_agent,0,277,9,4,1,1,22,25,225,14,264,0.11883211135864258,0.4501,1.9,0,1,0,1,1
368,551099,2,rule_based_agent_1,rule_based_agent,1,277,7,2,1,0,52,24,246,3,277,0.11279988288879395,0.4072,1.8041,0,0,0,2,0
368,551099,3,rule_based_agent_2,rule_based_agent,0,277,2,2,0,0,21,15,157,5,177,0.07521319389343262,0.4249,1.9128,0,1,1,3,0
369,551100,0,benedict_task4,benedict_task4,1,400,0,0,0,0,38,50,297,27,400,0.03580069541931152,0.0895,0.4671,0,0,0,4,0
369,551100,1,rule_based_agent_0,rule_based_agent,0,400,3,3,0,1,26,21,215,6,242,0.1072385311126709,0.4431,1.9112,0,1,0,2,0
369,551100,2,rule_based_agent_1,rule_based_agent,0,400,3,3,0,1,42,15,154,2,171,0.08853673934936523,0.5178,2.1741,0,1,0,2,0
369,551100,3,rule_based_agent_2,rule_based_agent,0,400,8,3,1,1,20,26,234,8,271,0.10159587860107422,0.3749,1.8046,0,1,0,1,1
370,551101,0,benedict_task4,benedict_task4,0,300,2,2,0,1,25,26,201,4,253,0.01860189437866211,0.0735,0.4742,0,1,0,2,0
370,551101,1,rule_based_agent_0,rule_based_agent,0,300,6,6,0,1,33,23,246,8,277,0.11621618270874023,0.4196,1.9321,0,1,0,1,1
370,551101,2,rule_based_agent_1,rule_based_agent,1,300,1,1,0,0,37,26,264,6,300,0.12664341926574707,0.4221,1.8959,0,0,0,3,0
370,551101,3,rule_based_agent_2,rule_based_agent,0,300,0,0,0,1,26,24,255,16,296,0.1408097743988037,0.4757,1.874,0,1,0,4,0
371,551102,0,benedict_task4,benedict_task4,1,400,7,2,1,0,50,48,276,38,400,0.03930830955505371,0.0983,0.5302,0,0,0,1,1
371,551102,1,rule_based_agent_0,rule_based_agent,0,400,3,3,0,0,26,7,59,2,68,0.018812179565429688,0.2766,0.8049,0,1,1,2,0
371,551102,2,rule_based_agent_1,rule_based_agent,0,400,2,2,0,1,30,12,129,7,148,0.059270620346069336,0.4005,2.1503,0,1,0,3,0
371,551102,3,rule_based_agent_2,rule_based_agent,0,400,2,2,0,1,28,20,221,7,251,0.11061716079711914,0.4407,1.786,0,1,0,3,0
372,551103,0,benedict_task4,benedict_task4,0,275,8,3,1,1,33,32,225,1,271,0.02273845672607422,0.0839,0.5178,0,1,0,1,1
372,551103,1,rule_based_agent_0,rule_based_agent,1,275,4,4,0,0,29,20,239,10,275,0.09145760536193848,0.3326,1.6828,0,0,0,2,0
372,551103,2,rule_based_agent_1,rule_based_agent,0,275,0,0,0,1,36,13,99,12,124,0.03462791442871094,0.2793,1.281,0,1,0,4,0
372,551103,3,rule_based_agent_2,rule_based_agent,0,275,2,2,0,0,19,11,101,5,117,0.029490947723388672,0.2521,0.8073,0,1,1,3,0
373,551104,0,benedict_task4,benedict_task4,0,289,3,3,0,1,14,9,76,2,94,0.004335880279541016,0.0461,0.2372,0,1,0,2,0
373,551104,1,rule_based_agent_0,rule_based_agent,0,289,8,3,1,1,45,25,207,9,241,0.09403395652770996,0.3902,2.0232,0,1,0,1,1
373,551104,2,rule_based_agent_1,rule_based_agent,0,289,1,1,0,1,25,13,104,7,124,0.038518667221069336,0.3106,1.6129,0,1,0,4,0
373,551104,3,rule_based_agent_2,rule_based_agent,1,289,2,2,0,0,27,25,254,6,289,0.1464383602142334,0.5067,2.0001,0,0,0,3,0
374,551105,0,benedict_task4,benedict_task4,1,400,4,4,0,0,47,48,323,5,400,0.03901028633117676,0.0975,0.5059,0,0,0,3,0
374,551105,1,rule_based_agent_0,rule_based_agent,0,400,6,1,1,0,29,9,76,2,87,0.027490615844726562,0.316,1.5838,0,1,1,1,1
374,551105,2,rule_based_agent_1,rule_based_agent,1,400,3,3,0,0,31,32,352,8,400,0.17076826095581055,0.4269,1.776,0,0,0,4,0
374,551105,3,rule_based_agent_2,rule_based_agent,0,400,6,1,1,0,25,8,75,6,89,0.024539709091186523,0.2757,1.2171,0,1,1,1,1
375,551106,0,benedict_task4,benedict_task4,1,400,3,3,0,0,43,50,288,36,400,0.03458118438720703,0.0865,0.5171,0,0,0,1,1
375,551106,1,rule_based_agent_0,rule_based_agent,0,400,2,2,0,1,29,12,121,2,135,0.04177117347717285,0.3094,1.653,0,1,0,3,0
375,551106,2,rule_based_agent_1,rule_based_agent,0,400,3,3,0,1,29,15,147,3,165,0.05911588668823242,0.3583,2.0108,0,1,0,1,1
375,551106,3,rule_based_agent_2,rule_based_agent,0,400,1,1,0,1,15,8,78,1,87,0.026870250701904297,0.3089,0.9081,0,1,0,4,0
376,551107,0,benedict_task4,benedict_task4,1,400,3,3,0,0,44,46,313,14,400,0.042519330978393555,0.1063,0.5119,0,0,0,3,0
376,551107,1,rule_based_agent_0,rule_based_agent,0,400,1,1,0,1,27,14,107,5,126,0.05450153350830078,0.4326,1.833,0,1,0,4,0
376,551107,2,rule_based_agent_1,rule_based_agent,1,400,6,1,1,0,21,30,352,12,400,0.2258462905883789,0.5646,2.0208,0,0,0,1,1
376,551107,3,rule_based_agent_2,rule_based_agent,0,400,4,4,0,1,30,29,242,16,289,0.13104677200317383,0.4534,1.9088,0,1,0,2,0
377,551108,0,benedict_task4,benedict_task4,1,400,8,3,1,0,38,45,313,11,400,0.042899370193481445,0.1072,1.6282,0,0,0,1,1
377,551108,1,rule_based_agent_0,rule_based_agent,1,400,3,3,0,0,23,32,350,9,400,0.2077336311340332,0.5193,1.929,0,0,0,2,0
377,551108,2,rule_based_agent_1,rule_based_agent,0,400,0,0,0,1,32,8,61,3,72,0.018938779830932617,0.263,0.669,0,1,0,4,0
377,551108,3,rule_based_agent_2,rule_based_agent,0,400,3,3,0,1,28,25,227,15,267,0.10873746871948242,0.4073,1.9479,0,1,0,2,0
378,551109,0,benedict_task4,benedict_task4,1,400,6,6,0,0,38,46,320,9,400,0.045488595962524414,0.1137,0.6058,0,0,0,2,0
378,551109,1,rule_based_agent_0,rule_based_agent,1,400,11,1,2,0,34,28,350,11,400,0.19745373725891113,0.4936,1.8489,0,0,0,1,1
378,551109,2,rule_based_agent_1,rule_based_agent,0,400,1,1,0,1,22,15,131,6,152,0.05883288383483887,0.3871,2.1391,0,1,0,3,0
378,551109,3,rule_based_agent_2,rule_based_agent,0,400,1,1,0,0,32,19,165,12,199,0.08653664588928223,0.4349,1.8542,0,1,1,3,0
379,551110,0,benedict_task4,benedict_task4,0,212,1,1,0,1,37,22,153,1,192,0.007344722747802734,0.0383,0.1721,0,1,0,2,0
379,551110,1,rule_based_agent_0,rule_based_agent,0,212,1,1,0,1,26,8,65,4,77,0.022119998931884766,0.2873,1.1199,0,1,0,2,0
379,551110,2,rule_based_agent_1,rule_based_agent,1,212,12,7,1,0,33,12,196,0,212,0.0921330451965332,0.4346,1.9279,0,0,0,1,1
379,551110,3,rule_based_agent_2,rule_based_agent,0,212,0,0,0,1,24,8,63,4,75,0.014307737350463867,0.1908,0.798,0,1,0,4,0
380,551111,0,benedict_task4,benedict_task4,0,233,4,4,0,1,23,15,122,3,151,0.004774570465087891,0.0316,0.1421,0,1,0,1,1
380,551111,1,rule_based_agent_0,rule_based_agent,1,233,2,2,0,0,33,18,210,1,233,0.09607696533203125,0.4123,1.7979,0,0,0,2,0
380,551111,2,rule_based_agent_1,rule_based_agent,0,233,2,2,0,1,35,9,65,4,78,0.014602899551391602,0.1872,0.6058,0,1,0,2,0
380,551111,3,rule_based_agent_2,rule_based_agent,0,233,1,1,0,1,37,13,99,4,116,0.02830219268798828,0.244,1.153,0,1,0,4,0
381,551112,0,benedict_task4,benedict_task4,0,400,5,5,0,1,40,22,157,1,196,0.007174491882324219,0.0366,0.242,0,1,0,1,1
381,551112,1,rule_based_agent_0,rule_based_agent,0,400,1,1,0,1,22,6,49,5,60,0.016537189483642578,0.2756,0.7381,0,1,0,3,0
381,551112,2,rule_based_agent_1,rule_based_agent,1,400,3,3,0,0,29,22,373,5,400,0.25365114212036133,0.6341,2.039,0,0,0,2,0
381,551112,3,rule_based_agent_2,rule_based_agent,1,400,0,0,0,0,35,22,376,2,400,0.2620668411254883,0.6552,2.465,0,0,0,4,0
382,551113,0,benedict_task4,benedict_task4,1,400,6,6,0,0,27,48,310,13,400,0.045740365982055664,0.1144,0.5262,0,0,0,2,0
382,551113,1,rule_based_agent_0,rule_based_agent,0,400,1,1,0,0,32,20,166,6,194,0.0625009536743164,0.3222,1.6968,0,1,1,3,0
382,551113,2,rule_based_agent_1,rule_based_agent,0,400,0,0,0,0,28,13,109,4,126,0.05050802230834961,0.4009,1.9557,0,1,1,4,0
382,551113,3,rule_based_agent_2,rule_based_agent,1,400,12,2,2,0,33,28,359,6,400,0.19628524780273438,0.4907,1.719,0,0,0,1,1
383,551114,0,benedict_task4,benedict_task4,0,400,0,0,0,1,24,14,88,1,113,0.004762411117553711,0.0421,0.1781,0,1,0,4,0
383,551114,1,rule_based_agent_0,rule_based_agent,1,400,4,4,0,0,32,32,355,13,400,0.205780029296875,0.5145,2.037,0,0,0,2,0
383,551114,2,rule_based_agent_1,rule_based_agent,0,400,3,3,0,0,35,8,84,1,93,0.03284788131713867,0.3532,1.6382,0,1,1,3,0
383,551114,3,rule_based_agent_2,rule_based_agent,1,400,7,2,1,0,33,36,356,7,400,0.21013689041137695,0.5253,1.9469,0,0,0,1,1
384,551115,0,benedict_task4,benedict_task4,0,400,2,2,0,1,29,41,304,4,375,0.05041241645812988,0.1344,0.567,0,1,0,3,0
384,551115,1,rule_based_agent_0,rule_based_agent,1,400,2,2,0,0,26,27,353,18,400,0.2381305694580078,0.5953,1.9269,0,0,0,3,0
384,551115,2,rule_based_agent_1,rule_based_agent,1,400,7,2,1,0,19,33,350,13,400,0.24681615829467773,0.617,1.9321,0,0,0,1,1
384,551115,3,rule_based_agent_2,rule_based_agent,0,400,3,3,0,1,39,24,216,8,248,0.10048437118530273,0.4052,1.8389,0,1,0,2,0
385,551116,0,benedict_task4,benedict_task4,1,400,1,1,0,0,43,47,318,5,400,0.030582666397094727,0.0765,0.566,0,0,0,3,0
385,551116,1,rule_based_agent_0,rule_based_agent,1,400,1,1,0,0,25,27,359,6,400,0.177903413772583,0.4448,2.0249,0,0,0,3,0
385,551116,2,rule_based_agent_1,rule_based_agent,0,400,3,3,0,1,32,10,95,5,110,0.03489518165588379,0.3172,1.21,0,1,0,2,0
385,551116,3,rule_based_agent_2,rule_based_agent,0,400,4,4,0,1,25,12,147,4,163,0.06937909126281738,0.4256,2.2731,0,1,0,1,1
386,551117,0,benedict_task4,benedict_task4,0,394,4,4,0,1,43,44,309,9,390,0.03719663619995117,0.0954,0.5288,0,1,0,1,1
386,551117,1,rule_based_agent_0,rule_based_agent,0,394,0,0,0,1,18,8,67,6,81,0.026831865310668945,0.3313,1.452,0,1,0,4,0
386,551117,2,rule_based_agent_1,rule_based_agent,0,394,3,3,0,1,28,9,77,4,90,0.026867389678955078,0.2985,0.905,0,1,0,2,0
386,551117,3,rule_based_agent_2,rule_based_agent,1,394,2,2,0,0,32,29,345,7,394,0.2017507553100586,0.5121,1.8699,0,0,0,3,0
387,551118,0,benedict_task4,benedict_task4,1,400,1,1,0,0,37,49,318,7,400,0.04744601249694824,0.1186,0.5891,0,0,0,3,0
387,551118,1,rule_based_agent_0,rule_based_agent,0,400,3,3,0,1,22,10,99,6,115,0.034078359603881836,0.2963,1.9834,0,1,0,2,0
387,551118,2,rule_based_agent_1,rule_based_agent,0,400,9,4,1,1,26,17,171,6,194,0.08561015129089355,0.4413,1.931,0,1,0,1,1
387,551118,3,rule_based_agent_2,rule_based_agent,1,400,1,1,0,0,41,34,341,11,400,0.22474980354309082,0.5619,1.821,0,0,0,3,0
388,551119,0,benedict_task4,benedict_task4,0,249,1,1,0,0,25,28,196,1,243,0.01609516143798828,0.0662,0.4878,0,1,1,4,0
388,551119,1,rule_based_agent_0,rule_based_agent,0,249,2,2,0,1,34,17,182,4,203,0.10147714614868164,0.4999,2.2061,0,1,0,3,0
388,551119,2,rule_based_agent_1,rule_based_agent,1,249,3,3,0,0,37,23,211,9,249,0.10373783111572266,0.4166,4.9632,0,0,0,2,0
388,551119,3,rule_based_agent_2,rule_based_agent,0,249,8,3,1,1,28,22,213,8,243,0.11165809631347656,0.4595,2.1801,0,1,0,1,1
389,551120,0,benedict_task4,benedict_task4,1,400,2,2,0,0,48,44,321,6,400,0.036794185638427734,0.092,0.5021,0,0,0,3,0
389,551120,1,rule_based_agent_0,rule_based_agent,0,400,3,3,0,1,9,5,33,3,41,0.0071048736572265625,0.1733,0.4869,0,1,0,1,1
389,551120,2,rule_based_agent_1,rule_based_agent,1,400,1,1,0,0,38,32,359,9,400,0.21210598945617676,0.5303,1.996,0,0,0,4,0
389,551120,3,rule_based_agent_2,rule_based_agent,1,400,3,3,0,0,28,33,351,16,400,0.21727800369262695,0.5432,1.9422,0,0,0,1,1
390,551121,0,benedict_task4,benedict_task4,1,400,6,6,0,0,37,48,324,7,400,0.04020333290100098,0.1005,0.524,0,0,0,1,1
390,551121,1,rule_based_agent_0,rule_based_agent,0,400,0,0,0,1,14,7,73,2,82,0.026990175247192383,0.3291,1.368,0,1,0,4,0
390,551121,2,rule_based_agent_1,rule_based_agent,0,400,1,1,0,1,37,19,181,7,207,0.08477187156677246,0.4095,1.9929,0,1,0,3,0
390,551121,3,rule_based_agent_2,rule_based_agent,1,400,2,2,0,0,33,24,350,14,400,0.22037434577941895,0.5509,1.8198,0,0,0,2,0
391,551122,0,benedict_task4,benedict_task4,0,336,3,3,0,1,35,39,266,4,332,0.032315731048583984,0.0973,0.5581,0,1,0,2,0
391,551122,1,rule_based_agent_0,rule_based_agent,1,336,7,2,1,0,23,30,285,13,336,0.15371942520141602,0.4575,1.996,0,0,0,1,1
391,551122,2,rule_based_agent_1,rule_based_agent,0,336,2,2,0,1,39,16,155,10,181,0.08449888229370117,0.4668,1.9381,0,1,0,3,0
391,551122,3,rule_based_agent_2,rule_based_agent,0,336,2,2,0,1,29,23,221,17,261,0.12980294227600098,0.4973,1.9121,0,1,0,3,0
392,551123,0,benedict_task4,benedict_task4,0,400,4,4,0,1,48,35,270,10,345,0.028134822845458984,0.0816,0.5519,0,1,0,1,1
392,551123,1,rule_based_agent_0,rule_based_agent,1,400,3,3,0,0,40,34,353,13,400,0.22136545181274414,0.5534,2.6939,0,0,0,2,0
392,551123,2,rule_based_agent_1,rule_based_agent,0,400,1,1,0,1,22,8,67,3,78,0.01833939552307129,0.2351,0.875,0,1,0,3,0
392,551123,3,rule_based_agent_2,rule_based_agent,1,400,1,1,0,0,21,29,364,5,400,0.211561918258667,0.5289,2.1129,0,0,0,3,0
393,551124,0,benedict_task4,benedict_task4,0,317,3,3,0,1,36,23,199,3,238,0.015025615692138672,0.0631,0.5751,0,1,0,2,0
393,551124,1,rule_based_agent_0,rule_based_agent,1,317,0,0,0,0,31,28,275,7,317,0.15427398681640625,0.4867,2.039,0,0,0,4,0
393,551124,2,rule_based_agent_1,rule_based_agent,0,317,3,3,0,1,21,20,196,13,229,0.09858059883117676,0.4305,2.2638,0,1,0,2,0
393,551124,3,rule_based_agent_2,rule_based_agent,0,317,8,3,1,1,42,29,261,19,313,0.12700891494750977,0.4058,1.929,0,1,0,1,1
394,551125,0,benedict_task4,benedict_task4,0,236,1,1,0,1,24,17,123,2,153,0.007561683654785156,0.0494,0.2141,0,1,0,4,0
394,551125,1,rule_based_agent_0,rule_based_agent,0,236,3,3,0,0,11,7,69,4,80,0.029360532760620117,0.367,1.3268,0,1,1,2,0
394,551125,2,rule_based_agent_1,rule_based_agent,1,236,2,2,0,0,37,19,206,7,236,0.11361360549926758,0.4814,2.0959,0,0,0,3,0
394,551125,3,rule_based_agent_2,rule_based_agent,0,236,8,3,1,1,48,14,145,7,166,0.06837916374206543,0.4119,2.059,0,1,0,1,1
395,551126,0,benedict_task4,benedict_task4,0,397,4,4,0,1,35,44,317,11,393,0.03647589683532715,0.0928,0.556,0,1,0,1,1
395,551126,1,rule_based_agent_0,rule_based_agent,1,397,2,2,0,0,30,34,341,16,397,0.1726837158203125,0.435,1.75,0,0,0,3,0
395,551126,2,rule_based_agent_1,rule_based_agent,0,397,0,0,0,1,25,12,103,4,119,0.033666133880615234,0.2829,1.0068,0,1,0,4,0
395,551126,3,rule_based_agent_2,rule_based_agent,0,397,3,3,0,1,35,30,303,17,354,0.14381623268127441,0.4063,1.96,0,1,0,2,0
396,551127,0,benedict_task4,benedict_task4,0,400,2,2,0,1,21,8,49,2,66,0.0024051666259765625,0.0364,0.16,0,1,0,3,0
396,551127,1,rule_based_agent_0,rule_based_agent,1,400,3,3,0,0,41,26,368,5,400,0.22333383560180664,0.5583,2.1131,0,0,0,1,1
396,551127,2,rule_based_agent_1,rule_based_agent,1,400,3,3,0,0,35,26,367,6,400,0.2048952579498291,0.5122,2.3119,0,0,0,1,1
396,551127,3,rule_based_agent_2,rule_based_agent,0,400,1,1,0,1,30,10,95,4,109,0.028961896896362305,0.2657,1.0231,0,1,0,4,0
397,551128,0,benedict_task4,benedict_task4,1,400,8,3,1,0,38,47,320,6,400,0.036882877349853516,0.0922,0.4618,0,0,0,1,1
397,551128,1,rule_based_agent_0,rule_based_agent,1,400,5,5,0,0,36,28,356,9,400,0.2113511562347412,0.5284,1.9469,0,0,0,2,0
397,551128,2,rule_based_agent_1,rule_based_agent,0,400,1,1,0,1,25,9,58,4,71,0.015813589096069336,0.2227,0.6239,0,1,0,4,0
397,551128,3,rule_based_agent_2,rule_based_agent,0,400,5,0,1,0,21,9,88,3,100,0.03399205207824707,0.3399,1.004,0,1,1,2,0
398,551129,0,benedict_task4,benedict_task4,1,400,2,2,0,0,31,46,325,5,400,0.04573678970336914,0.1143,0.701,0,0,0,2,0
398,551129,1,rule_based_agent_0,rule_based_agent,1,400,0,0,0,0,30,28,354,10,400,0.19031071662902832,0.4758,1.8229,0,0,0,4,0
398,551129,2,rule_based_agent_1,rule_based_agent,0,400,1,1,0,1,32,8,63,4,75,0.01805734634399414,0.2408,0.8249,0,1,0,3,0
398,551129,3,rule_based_agent_2,rule_based_agent,0,400,6,6,0,1,36,22,199,11,233,0.08135223388671875,0.3492,1.888,0,1,0,1,1
399,551130,0,benedict_task4,benedict_task4,0,369,3,3,0,1,22,10,61,2,82,0.0030400753021240234,0.0371,0.2518,0,1,0,2,0
399,551130,1,rule_based_agent_0,rule_based_agent,0,369,2,2,0,1,26,15,136,3,154,0.06535077095031738,0.4244,1.7641,0,1,0,3,0
399,551130,2,rule_based_agent_1,rule_based_agent,1,369,1,1,0,0,41,32,328,5,369,0.1790015697479248,0.4851,2.0971,0,0,0,4,0
399,551130,3,rule_based_agent_2,rule_based_agent,0,369,8,3,1,1,40,30,271,18,319,0.15476083755493164,0.4851,2.0599,0,1,0,1,1
400,551131,0,benedict_task4,benedict_task4,0,400,1,1,0,1,38,23,168,2,204,0.011333465576171875,0.0556,0.4728,0,1,0,3,0
400,551131,1,rule_based_agent_0,rule_based_agent,1,400,0,0,0,0,34,19,378,3,400,0.2540266513824463,0.6351,1.79,0,0,0,4,0
400,551131,2,rule_based_agent_1,rule_based_agent,1,400,9,4,1,0,23,18,377,5,400,0.25802159309387207,0.6451,2.0943,0,0,0,1,1
400,551131,3,rule_based_agent_2,rule_based_agent,0,400,4,4,0,0,24,6,50,2,58,0.013901233673095703,0.2397,0.8318,0,1,1,2,0
401,551132,0,benedict_task4,benedict_task4,1,400,6,1,1,0,46,47,315,6,400,0.038208723068237305,0.0955,0.5312,0,0,0,2,0
401,551132,1,rule_based_agent_0,rule_based_agent,1,400,7,2,1,0,25,29,349,12,400,0.19803500175476074,0.4951,1.7982,0,0,0,1,1
401,551132,2,rule_based_agent_1,rule_based_agent,0,400,4,4,0,0,29,14,161,5,180,0.054480791091918945,0.3027,1.7238,0,1,1,3,0
401,551132,3,rule_based_agent_2,rule_based_agent,0,400,2,2,0,0,21,13,113,1,127,0.041265249252319336,0.3249,1.8928,0,1,1,4,0
402,551133,0,benedict_task4,benedict_task4,1,400,3,3,0,0,23,44,317,7,400,0.050217628479003906,0.1255,0.5939,0,0,0,3,0
402,551133,1,rule_based_agent_0,rule_based_agent,0,400,2,2,0,1,35,14,125,4,143,0.06232738494873047,0.4359,1.9767,0,1,0,4,0
402,551133,2,rule_based_agent_1,rule_based_agent,0,400,4,4,0,1,34,30,251,11,294,0.15447378158569336,0.5254,2.0959,0,1,0,2,0
402,551133,3,rule_based_agent_2,rule_based_agent,1,400,5,0,1,0,31,31,342,18,400,0.22680354118347168,0.567,2.429,0,0,0,1,1
403,551134,0,benedict_task4,benedict_task4,0,268,9,4,1,1,28,28,217,3,264,0.019606590270996094,0.0743,0.5009,0,1,0,1,1
403,551134,1,rule_based_agent_0,rule_based_agent,0,268,6,1,1,1,23,17,160,7,184,0.07919740676879883,0.4304,2.0092,0,1,0,2,0
403,551134,2,rule_based_agent_1,rule_based_agent,0,268,3,3,0,1,31,10,105,5,120,0.04363727569580078,0.3636,2.1503,0,1,0,4,0
403,551134,3,rule_based_agent_2,rule_based_agent,1,268,6,1,1,0,40,25,227,7,268,0.12518954277038574,0.4671,1.9579,0,0,0,2,0
404,551135,0,benedict_task4,benedict_task4,1,400,4,4,0,0,37,46,314,7,400,0.03849291801452637,0.0962,0.4489,0,0,0,2,0
404,551135,1,rule_based_agent_0,rule_based_agent,1,400,13,3,2,0,28,29,349,15,400,0.21373820304870605,0.5343,1.8401,0,0,0,1,1
404,551135,2,rule_based_agent_1,rule_based_agent,0,400,0,0,0,1,25,12,107,9,128,0.0376133918762207,0.2939,1.5633,0,1,0,4,0
404,551135,3,rule_based_agent_2,rule_based_agent,0,400,2,2,0,1,38,11,63,7,81,0.014715433120727539,0.1817,0.4721,0,1,0,3,0
405,551136,0,benedict_task4,benedict_task4,1,400,3,3,0,0,37,51,284,38,400,0.03216886520385742,0.0804,0.4992,0,0,0,2,0
405,551136,1,rule_based_agent_0,rule_based_agent,0,400,4,4,0,1,32,16,179,4,199,0.1022958755493164,0.514,2.1679,0,1,0,1,1
405,551136,2,rule_based_agent_1,rule_based_agent,0,400,2,2,0,1,33,9,77,6,92,0.02220892906188965,0.2414,0.9081,0,1,0,3,0
405,551136,3,rule_based_agent_2,rule_based_agent,0,400,0,0,0,1,23,9,66,2,77,0.021079301834106445,0.2738,0.855,0,1,0,4,0
406,551137,0,benedict_task4,benedict_task4,0,369,4,4,0,1,34,12,94,0,120,0.004314899444580078,0.036,0.206,0,1,0,1,1
406,551137,1,rule_based_agent_0,rule_based_agent,1,369,0,0,0,0,27,34,317,14,369,0.16764354705810547,0.4543,1.9431,0,0,0,4,0
406,551137,2,rule_based_agent_1,rule_based_agent,0,369,3,3,0,1,22,32,323,9,365,0.17194890975952148,0.4711,1.8511,0,1,0,2,0
406,551137,3,rule_based_agent_2,rule_based_agent,0,369,2,2,0,1,41,20,189,6,215,0.07681775093078613,0.3573,1.9801,0,1,0,3,0
407,551138,0,benedict_task4,benedict_task4,0,223,4,4,0,1,38,17,103,4,142,0.0037069320678710938,0.0261,0.1168,0,1,0,1,1
407,551138,1,rule_based_agent_0,rule_based_agent,1,223,4,4,0,0,37,17,198,4,223,0.12145018577575684,0.5446,2.0359,0,0,0,1,1
407,551138,2,rule_based_agent_1,rule_based_agent,0,223,1,1,0,1,28,7,75,3,85,0.025966882705688477,0.3055,0.798,0,1,0,3,0
407,551138,3,rule_based_agent_2,rule_based_agent,0,223,0,0,0,1,13,5,39,5,49,0.010178804397583008,0.2077,0.4809,0,1,0,4,0
408,551139,0,benedict_task4,benedict_task4,0,253,1,1,0,1,27,14,84,3,110,0.0029304027557373047,0.0266,0.061,0,1,0,3,0
408,551139,1,rule_based_agent_0,rule_based_agent,0,253,2,2,0,1,32,12,111,3,126,0.060303449630737305,0.4786,2.1188,0,1,0,2,0
408,551139,2,rule_based_agent_1,rule_based_agent,1,253,10,5,1,0,38,22,224,3,253,0.1589183807373047,0.6281,2.1262,0,0,0,1,1
408,551139,3,rule_based_agent_2,rule_based_agent,0,253,1,1,0,1,26,10,87,4,101,0.029506683349609375,0.2921,0.988,0,1,0,3,0
409,551140,0,benedict_task4,benedict_task4,0,230,9,4,1,1,39,24,182,2,226,0.022483348846435547,0.0995,0.5932,0,1,0,1,1
409,551140,1,rule_based_agent_0,rule_based_agent,0,230,2,2,0,1,26,9,87,3,99,0.01956796646118164,0.1977,0.452,0,1,0,2,0
409,551140,2,rule_based_agent_1,rule_based_agent,0,230,2,2,0,1,27,17,159,7,183,0.07337403297424316,0.401,1.874,0,1,0,2,0
409,551140,3,rule_based_agent_2,rule_based_agent,1,230,1,1,0,0,28,22,199,4,230,0.11575508117675781,0.5033,1.8759,0,0,0,4,0
410,551141,0,benedict_task4,benedict_task4,1,400,7,2,1,0,35,45,318,8,400,0.03173375129699707,0.0793,0.5288,0,0,0,2,0
410,551141,1,rule_based_agent_0,rule_based_agent,1,400,0,0,0,0,43,30,357,8,400,0.1742534637451172,0.4356,1.8687,0,0,0,4,0
410,551141,2,rule_based_agent_1,rule_based_agent,0,400,10,5,1,1,31,12,123,6,141,0.035437583923339844,0.2513,0.9012,0,1,0,1,1
410,551141,3,rule_based_agent_2,rule_based_agent,0,400,2,2,0,0,20,10,88,5,103,0.023221254348754883,0.2254,0.6149,0,1,1,3,0
411,551142,0,benedict_task4,benedict_task4,1,400,3,3,0,0,39,45,315,8,400,0.04015016555786133,0.1004,0.5722,0,0,0,3,0
411,551142,1,rule_based_agent_0,rule_based_agent,0,400,6,1,1,0,21,13,132,4,149,0.06389951705932617,0.4289,2.1839,0,1,1,2,0
411,551142,2,rule_based_agent_1,rule_based_agent,1,400,8,3,1,0,25,29,355,6,400,0.22082948684692383,0.5521,1.8859,0,0,0,1,1
411,551142,3,rule_based_agent_2,rule_based_agent,0,400,2,2,0,0,33,9,75,1,85,0.02265477180480957,0.2665,0.8712,0,1,1,4,0
412,551143,0,benedict_task4,benedict_task4,1,400,4,4,0,0,36,48,280,36,400,0.03395342826843262,0.0849,0.4947,0,0,0,1,1
412,551143,1,rule_based_agent_0,rule_based_agent,0,400,1,1,0,1,38,16,195,4,215,0.0640559196472168,0.2979,1.8361,0,1,0,4,0
412,551143,2,rule_based_agent_1,rule_based_agent,0,400,2,2,0,1,30,9,85,2,96,0.020882844924926758,0.2175,0.6359,0,1,0,2,0
412,551143,3,rule_based_agent_2,rule_based_agent,0,400,2,2,0,1,26,8,75,3,86,0.019417524337768555,0.2258,0.6101,0,1,0,2,0
413,551144,0,benedict_task4,benedict_task4,0,400,2,2,0,0,36,19,133,4,176,0.008738040924072266,0.0496,0.7041,0,1,1,3,0
413,551144,1,rule_based_agent_0,rule_based_agent,1,400,1,1,0,0,27,25,368,7,400,0.20338702201843262,0.5085,1.8098,0,0,0,4,0
413,551144,2,rule_based_agent_1,rule_based_agent,0,400,3,3,0,1,27,19,205,9,233,0.08622479438781738,0.3701,1.7171,0,1,0,2,0
413,551144,3,rule_based_agent_2,rule_based_agent,1,400,8,3,1,0,35,30,363,7,400,0.18887710571289062,0.4722,1.8942,0,0,0,1,1
414,551145,0,benedict_task4,benedict_task4,0,265,4,4,0,1,26,15,90,4,124,0.004683494567871094,0.0378,0.1721,0,1,0,1,1
414,551145,1,rule_based_agent_0,rule_based_agent,0,265,1,1,0,1,27,16,187,6,209,0.08221244812011719,0.3934,2.0459,0,1,0,3,0
414,551145,2,rule_based_agent_1,rule_based_agent,0,265,0,0,0,1,28,9,63,5,77,0.01731133460998535,0.2248,0.7868,0,1,0,4,0
414,551145,3,rule_based_agent_2,rule_based_agent,1,265,4,4,0,0,48,27,228,6,265,0.1450486183166504,0.5474,2.5232,0,0,0,1,1
415,551146,0,benedict_task4,benedict_task4,0,265,2,2,0,1,32,28,205,2,261,0.01787090301513672,0.0685,0.5329,0,1,0,2,0
415,551146,1,rule_based_agent_0,rule_based_agent,0,265,3,3,0,1,28,10,77,7,94,0.019946813583374023,0.2122,0.8059,0,1,0,1,1
415,551146,2,rule_based_agent_1,rule_based_agent,1,265,2,2,0,0,30,17,239,4,265,0.08480429649353027,0.32,1.7908,0,0,0,2,0
415,551146,3,rule_based_agent_2,rule_based_agent,0,265,2,2,0,1,24,11,98,4,113,0.02918839454650879,0.2583,1.3261,0,1,0,2,0
416,551147,0,benedict_task4,benedict_task4,0,259,2,2,0,1,21,11,87,1,103,0.004488468170166016,0.0436,0.19,0,1,0,3,0
416,551147,1,rule_based_agent_0,rule_based_agent,0,259,5,0,1,1,19,5,33,5,43,0.008870124816894531,0.2063,0.4151,0,1,0,2,0
416,551147,2,rule_based_agent_1,rule_based_agent,0,259,0,0,0,0,12,5,35,3,43,0.01300501823425293,0.3024,1.0109,0,1,1,4,0
416,551147,3,rule_based_agent_2,rule_based_agent,1,259,7,7,0,0,69,24,230,1,259,0.1677570343017578,0.6477,2.038,0,0,0,1,1
417,551148,0,benedict_task4,benedict_task4,0,251,2,2,0,1,18,9,54,2,71,0.0018420219421386719,0.0259,0.0703,0,1,0,4,0
417,551148,1,rule_based_agent_0,rule_based_agent,1,251,3,3,0,0,63,24,220,3,251,0.15171432495117188,0.6044,2.049,0,0,0,2,0
417,551148,2,rule_based_agent_1,rule_based_agent,0,251,3,3,0,0,22,11,122,7,140,0.04549145698547363,0.3249,2.0881,0,1,1,2,0
417,551148,3,rule_based_agent_2,rule_based_agent,0,251,6,1,1,1,16,11,122,7,140,0.0552830696105957,0.3949,2.121,0,1,0,1,1
418,551149,0,benedict_task4,benedict_task4,0,325,7,2,1,1,30,35,256,6,321,0.03405952453613281,0.1061,0.5591,0,1,0,1,1
418,551149,1,rule_based_agent_0,rule_based_agent,0,325,3,3,0,1,31,12,97,5,114,0.033779144287109375,0.2963,1.7612,0,1,0,4,0
418,551149,2,rule_based_agent_1,rule_based_agent,0,325,5,0,1,1,41,24,187,14,226,0.11921477317810059,0.5275,1.8532,0,1,0,2,0
418,551149,3,rule_based_agent_2,rule_based_agent,1,325,4,4,0,0,28,27,271,16,325,0.16416692733764648,0.5051,1.9886,0,0,0,3,0
419,551150,0,benedict_task4,benedict_task4,1,400,4,4,0,0,36,44,314,9,400,0.037273406982421875,0.0932,0.5481,0,0,0,3,0
419,551150,1,rule_based_agent_0,rule_based_agent,1,400,7,2,1,0,18,36,342,14,400,0.193831205368042,0.4846,1.827,0,0,0,1,1
419,551150,2,rule_based_agent_1,rule_based_agent,0,400,2,2,0,1,23,15,120,9,144,0.0383450984954834,0.2663,1.7798,0,1,0,4,0
419,551150,3,rule_based_agent_2,rule_based_agent,0,400,6,1,1,0,33,21,193,12,226,0.0848236083984375,0.3753,1.8039,0,1,1,2,0
420,551151,0,benedict_task4,benedict_task4,0,400,1,1,0,1,15,7,52,0,66,0.004719734191894531,0.0715,0.2749,0,1,0,4,0
420,551151,1,rule_based_agent_0,rule_based_agent,0,400,2,2,0,1,40,22,194,13,229,0.11641192436218262,0.5083,2.238,0,1,0,3,0
420,551151,2,rule_based_agent_1,rule_based_agent,1,400,3,3,0,0,37,35,351,14,400,0.2029709815979004,0.5074,2.4011,0,0,0,1,1
420,551151,3,rule_based_agent_2,rule_based_agent,1,400,3,3,0,0,27,33,356,11,400,0.18216824531555176,0.4554,1.936,0,0,0,1,1
421,551152,0,benedict_task4,benedict_task4,0,259,1,1,0,1,18,7,37,1,55,0.0016760826110839844,0.0305,0.073,0,1,0,4,0
421,551152,1,rule_based_agent_0,rule_based_agent,1,259,2,2,0,0,44,20,232,3,259,0.13683128356933594,0.5283,2.3031,0,0,0,3,0
421,551152,2,rule_based_agent_1,rule_based_agent,0,259,3,3,0,1,36,14,135,5,154,0.05619478225708008,0.3649,1.8973,0,1,0,1,1
421,551152,3,rule_based_agent_2,rule_based_agent,0,259,3,3,0,1,29,7,55,4,66,0.014680147171020508,0.2224,0.9151,0,1,0,1,1
422,551153,0,benedict_task4,benedict_task4,1,400,4,4,0,0,44,46,318,6,400,0.04284167289733887,0.1071,0.6208,0,0,0,2,0
422,551153,1,rule_based_agent_0,rule_based_agent,0,400,1,1,0,1,36,18,189,7,214,0.09335780143737793,0.4363,1.9593,0,1,0,3,0
422,551153,2,rule_based_agent_1,rule_based_agent,0,400,0,0,0,0,21,7,59,2,68,0.016248226165771484,0.2389,0.484,0,1,1,4,0
422,551153,3,rule_based_agent_2,rule_based_agent,1,400,14,4,2,0,24,31,347,12,400,0.1882474422454834,0.4706,1.8933,0,0,0,1,1
423,551154,0,benedict_task4,benedict_task4,1,400,2,2,0,0,39,46,324,4,400,0.036481618881225586,0.0912,0.5429,0,0,0,2,0
423,551154,1,rule_based_agent_0,rule_based_agent,0,400,1,1,0,1,26,26,287,12,326,0.17183804512023926,0.5271,2.1281,0,1,0,4,0
423,551154,2,rule_based_agent_1,rule_based_agent,0,400,4,4,0,1,22,26,261,12,299,0.14159131050109863,0.4735,2.0919,0,1,0,1,1
423,551154,3,rule_based_agent_2,rule_based_agent,1,400,2,2,0,0,40,34,350,10,400,0.2018752098083496,0.5047,1.9681,0,0,0,2,0
424,551155,0,benedict_task4,benedict_task4,0,400,3,3,0,1,18,14,108,2,134,0.008040904998779297,0.06,0.2391,0,1,0,2,0
424,551155,1,rule_based_agent_0,rule_based_agent,0,400,0,0,0,1,15,5,39,4,48,0.010885000228881836,0.2268,0.5722,0,1,0,4,0
424,551155,2,rule_based_agent_1,rule_based_agent,1,400,4,4,0,0,35,33,362,5,400,0.21155285835266113,0.5289,1.9999,0,0,0,1,1
424,551155,3,rule_based_agent_2,rule_based_agent,1,400,2,2,0,0,49,37,355,7,400,0.22829985618591309,0.5707,2.0962,0,0,0,3,0
425,551156,0,benedict_task4,benedict_task4,0,224,2,2,0,1,21,15,104,3,131,0.005547046661376953,0.0423,0.1652,0,1,0,2,0
425,551156,1,rule_based_agent_0,rule_based_agent,0,224,1,1,0,1,31,18,183,9,211,0.10239672660827637,0.4853,1.776,0,1,0,4,0
425,551156,2,rule_based_agent_1,rule_based_agent,0,224,2,2,0,0,41,21,182,11,218,0.08982658386230469,0.412,1.8311,0,1,1,2,0
425,551156,3,rule_based_agent_2,rule_based_agent,1,224,9,4,1,0,35,20,194,4,224,0.0830845832824707,0.3709,1.7281,0,0,0,1,1
426,551157,0,benedict_task4,benedict_task4,0,248,2,2,0,1,21,7,45,1,55,0.0017919540405273438,0.0326,0.077,0,1,0,2,0
426,551157,1,rule_based_agent_0,rule_based_agent,0,248,1,1,0,1,42,15,123,6,144,0.05475568771362305,0.3802,2.07,0,1,0,3,0
426,551157,2,rule_based_agent_1,rule_based_agent,0,248,1,1,0,1,21,9,76,6,91,0.03699827194213867,0.4066,2.1791,0,1,0,3,0
426,551157,3,rule_based_agent_2,rule_based_agent,1,248,5,5,0,0,50,21,220,3,248,0.1395859718322754,0.5628,1.9178,0,0,0,1,1
427,551158,0,benedict_task4,benedict_task4,0,400,1,1,0,1,27,12,69,1,91,0.004976511001586914,0.0547,0.2239,0,1,0,4,0
427,551158,1,rule_based_agent_0,rule_based_agent,1,400,7,2,1,0,37,41,350,8,400,0.19365906715393066,0.4841,2.2449,0,0,0,1,1
427,551158,2,rule_based_agent_1,rule_based_agent,0,400,2,2,0,1,27,17,143,7,167,0.05399751663208008,0.3233,2.0301,0,1,0,3,0
427,551158,3,rule_based_agent_2,rule_based_agent,1,400,4,4,0,0,32,36,353,9,400,0.17035913467407227,0.4259,2.0628,0,0,0,2,0
428,551159,0,benedict_task4,benedict_task4,1,400,9,4,1,0,30,48,327,4,400,0.049909114837646484,0.1248,0.596,0,0,0,1,1
428,551159,1,rule_based_agent_0,rule_based_agent,1,400,3,3,0,0,40,34,346,13,400,0.2263011932373047,0.5658,1.8749,0,0,0,2,0
428,551159,2,rule_based_agent_1,rule_based_agent,0,400,1,1,0,1,31,20,217,16,253,0.14008808135986328,0.5537,1.8892,0,1,0,3,0
428,551159,3,rule_based_agent_2,rule_based_agent,0,400,1,1,0,1,20,7,48,2,57,0.010482311248779297,0.1839,0.385,0,1,0,3,0
429,551160,0,benedict_task4,benedict_task4,0,400,3,3,0,1,25,12,88,1,110,0.0040302276611328125,0.0366,0.1838,0,1,0,1,1
429,551160,1,rule_based_agent_0,rule_based_agent,0,400,1,1,0,1,35,14,107,6,127,0.034201860427856445,0.2693,1.1141,0,1,0,4,0
429,551160,2,rule_based_agent_1,rule_based_agent,1,400,2,2,0,0,30,35,354,11,400,0.2184438705444336,0.5461,2.198,0,0,0,3,0
429,551160,3,rule_based_agent_2,rule_based_agent,1,400,3,3,0,0,34,34,357,9,400,0.1889646053314209,0.4724,2.0912,0,0,0,1,1
430,551161,0,benedict_task4,benedict_task4,0,400,1,1,0,1,11,8,52,1,69,0.0027108192443847656,0.0393,0.1891,0,1,0,3,0
430,551161,1,rule_based_agent_0,rule_based_agent,1,400,1,1,0,0,36,35,362,2,400,0.1940906047821045,0.4852,2.094,0,0,0,3,0
430,551161,2,rule_based_agent_1,rule_based_agent,0,400,2,2,0,1,31,10,81,4,95,0.0251004695892334,0.2642,0.7601,0,1,0,2,0
430,551161,3,rule_based_agent_2,rule_based_agent,1,400,5,5,0,0,37,37,351,12,400,0.21372771263122559,0.5343,2.2089,0,0,0,1,1
431,551162,0,benedict_task4,benedict_task4,0,259,4,4,0,1,48,30,199,4,255,0.011800765991210938,0.0463,0.5109,0,1,0,1,1
431,551162,1,rule_based_agent_0,rule_based_agent,1,259,1,1,0,0,35,16,235,2,259,0.0929419994354248,0.3588,1.756,0,0,0,3,0
431,551162,2,rule_based_agent_1,rule_based_agent,0,259,1,1,0,1,11,6,66,2,74,0.02314305305480957,0.3127,0.6678,0,1,0,3,0
431,551162,3,rule_based_agent_2,rule_based_agent,0,259,3,3,0,1,28,9,72,2,83,0.022386789321899414,0.2697,0.8173,0,1,0,2,0
432,551163,0,benedict_task4,benedict_task4,0,400,2,2,0,0,30,16,123,4,156,0.007618427276611328,0.0488,0.1919,0,1,1,3,0
432,551163,1,rule_based_agent_0,rule_based_agent,1,400,12,2,2,0,23,21,373,6,400,0.2480478286743164,0.6201,1.9171,0,0,0,1,1
432,551163,2,rule_based_agent_1,rule_based_agent,0,400,2,2,0,0,45,19,166,3,189,0.08482599258422852,0.4488,1.888,0,1,1,3,0
432,551163,3,rule_based_agent_2,rule_based_agent,1,400,8,3,1,0,29,20,374,5,400,0.2572946548461914,0.6432,1.8222,0,0,0,2,0
433,551164,0,benedict_task4,benedict_task4,0,400,2,2,0,1,40,20,138,3,177,0.008228778839111328,0.0465,0.3679,0,1,0,3,0
433,551164,1,rule_based_agent_0,rule_based_agent,1,400,8,3,1,0,30,21,375,3,400,0.2597379684448242,0.6493,2.1911,0,0,0,1,1
433,551164,2,rule_based_agent_1,rule_based_agent,1,400,3,3,0,0,34,23,370,6,400,0.253399133682251,0.6335,2.2042,0,0,0,2,0
433,551164,3,rule_based_agent_2,rule_based_agent,0,400,1,1,0,1,26,7,54,3,64,0.016531705856323242,0.2583,0.6282,0,1,0,4,0
434,551165,0,benedict_task4,benedict_task4,0,192,8,3,1,1,35,21,145,2,188,0.010980606079101562,0.0584,0.4759,0,1,0,1,1
434,551165,1,rule_based_agent_0,rule_based_agent,0,192,2,2,0,1,23,6,51,4,61,0.01570606231689453,0.2575,1.0121,0,1,0,2,0
434,551165,2,rule_based_agent_1,rule_based_agent,0,192,2,2,0,0,38,14,131,6,151,0.05728864669799805,0.3794,1.6792,0,1,1,2,0
434,551165,3,rule_based_agent_2,rule_based_agent,1,192,2,2,0,0,25,16,165,4,192,0.06838202476501465,0.3562,1.8959,0,0,0,2,0
435,551166,0,benedict_task4,benedict_task4,1,400,6,6,0,0,38,42,318,12,400,0.0386347770690918,0.0966,0.5512,0,0,0,1,1
435,551166,1,rule_based_agent_0,rule_based_agent,0,400,0,0,0,1,30,10,91,4,105,0.02695941925048828,0.2568,0.5848,0,1,0,4,0
435,551166,2,rule_based_agent_1,rule_based_agent,0,400,2,2,0,1,27,19,235,13,267,0.11211991310119629,0.4199,2.1009,0,1,0,2,0
435,551166,3,rule_based_agent_2,rule_based_agent,0,400,1,1,0,1,33,33,305,15,358,0.16840004920959473,0.4704,2.0123,0,1,0,3,0
436,551167,0,benedict_task4,benedict_task4,0,400,2,2,0,0,22,13,88,2,115,0.004701852798461914,0.0409,0.2539,0,1,1,3,0
436,551167,1,rule_based_agent_0,rule_based_agent,1,400,11,1,2,0,30,36,355,8,400,0.2038121223449707,0.5095,2.1451,0,0,0,1,1
436,551167,2,rule_based_agent_1,rule_based_agent,1,400,1,1,0,0,40,36,352,12,400,0.20766925811767578,0.5192,2.2657,0,0,0,4,0
436,551167,3,rule_based_agent_2,rule_based_agent,0,400,5,5,0,1,29,11,87,9,107,0.03300738334655762,0.3085,1.5709,0,1,0,2,0
437,551168,0,benedict_task4,benedict_task4,0,400,2,2,0,1,20,13,78,9,109,0.006847381591796875,0.0628,0.2663,0,1,0,2,0
437,551168,1,rule_based_agent_0,rule_based_agent,0,400,2,2,0,1,18,6,45,5,56,0.012676715850830078,0.2264,0.5271,0,1,0,2,0
437,551168,2,rule_based_agent_1,rule_based_agent,1,400,5,5,0,0,40,27,361,11,400,0.22032856941223145,0.5508,2.2259,0,0,0,1,1
437,551168,3,rule_based_agent_2,rule_based_agent,1,400,0,0,0,0,45,24,370,5,400,0.20952057838439941,0.5238,2.2051,0,0,0,4,0
438,551169,0,benedict_task4,benedict_task4,0,250,6,6,0,1,38,16,120,3,156,0.004548549652099609,0.0292,0.0961,0,1,0,1,1
438,551169,1,rule_based_agent_0,rule_based_agent,0,250,1,1,0,1,36,9,69,2,80,0.021843671798706055,0.273,1.343,0,1,0,2,0
438,551169,2,rule_based_agent_1,rule_based_agent,0,250,1,1,0,1,9,3,34,2,39,0.011612176895141602,0.2977,0.9077,0,1,0,2,0
438,551169,3,rule_based_agent_2,rule_based_agent,1,250,1,1,0,0,47,21,222,3,250,0.11812496185302734,0.4725,1.961,0,0,0,2,0
439,551170,0,benedict_task4,benedict_task4,0,288,1,1,0,1,35,25,186,3,230,0.02108025550842285,0.0917,0.524,0,1,0,3,0
439,551170,1,rule_based_agent_0,rule_based_agent,1,288,4,4,0,0,21,23,252,8,288,0.1332228183746338,0.4626,2.347,0,0,0,1,1
439,551170,2,rule_based_agent_1,rule_based_agent,0,288,3,3,0,1,39,11,99,4,114,0.029398441314697266,0.2579,1.0328,0,1,0,2,0
439,551170,3,rule_based_agent_2,rule_based_agent,0,288,1,1,0,1,27,29,245,10,284,0.12769818305969238,0.4496,1.8623,0,1,0,3,0
440,551171,0,benedict_task4,benedict_task4,0,246,5,5,0,1,45,28,187,1,242,0.007647991180419922,0.0316,0.2623,0,1,0,2,0
440,551171,1,rule_based_agent_0,rule_based_agent,0,246,1,1,0,1,33,11,103,3,117,0.04071760177612305,0.348,2.1198,0,1,0,3,0
440,551171,2,rule_based_agent_1,rule_based_agent,0,246,7,2,1,1,24,15,139,7,161,0.05853629112243652,0.3636,2.2109,0,1,0,1,1
440,551171,3,rule_based_agent_2,rule_based_agent,1,246,1,1,0,0,27,14,227,1,246,0.08584451675415039,0.349,1.9231,0,0,0,3,0
441,551172,0,benedict_task4,benedict_task4,0,400,0,0,0,1,20,10,58,1,76,0.0039980411529541016,0.0526,0.2229,0,1,0,4,0
441,551172,1,rule_based_agent_0,rule_based_agent,1,400,9,4,1,0,46,36,356,8,400,0.19196367263793945,0.4799,2.2364,0,0,0,1,1
441,551172,2,rule_based_agent_1,rule_based_agent,0,400,2,2,0,0,35,13,119,5,137,0.04125547409057617,0.3011,2.1551,0,1,1,3,0
441,551172,3,rule_based_agent_2,rule_based_agent,1,400,3,3,0,0,28,34,350,16,400,0.20021390914916992,0.5005,2.1272,0,0,0,2,0
442,551173,0,benedict_task4,benedict_task4,0,204,5,5,0,1,20,19,165,4,200,0.01378488540649414,0.0689,0.4911,0,1,0,1,1
442,551173,1,rule_based_agent_0,rule_based_agent,0,204,2,2,0,1,34,11,111,5,127,0.04126596450805664,0.3249,1.9209,0,1,0,2,0
442,551173,2,rule_based_agent_1,rule_based_agent,1,204,0,0,0,0,29,14,181,4,204,0.0793311595916748,0.3889,1.93,0,0,0,4,0
442,551173,3,rule_based_agent_2,rule_based_agent,0,204,2,2,0,1,28,8,65,3,76,0.01999950408935547,0.2632,1.5481,0,1,0,2,0
443,551174,0,benedict_task4,benedict_task4,0,400,2,2,0,1,34,16,116,2,142,0.0051691532135009766,0.0364,0.1521,0,1,0,2,0
443,551174,1,rule_based_agent_0,rule_based_agent,0,400,2,2,0,1,21,15,119,6,140,0.053853511810302734,0.3847,2.1908,0,1,0,2,0
443,551174,2,rule_based_agent_1,rule_based_agent,1,400,1,1,0,0,23,16,378,6,400,0.28188610076904297,0.7047,1.8997,0,0,0,4,0
443,551174,3,rule_based_agent_2,rule_based_agent,1,400,4,4,0,0,39,16,381,3,400,0.2781407833099365,0.6954,2.063,0,0,0,1,1
444,551175,0,benedict_task4,benedict_task4,1,400,5,5,0,0,46,46,305,21,400,0.030177831649780273,0.0754,0.5004,0,0,0,2,0
444,551175,1,rule_based_agent_0,rule_based_agent,0,400,0,0,0,1,33,15,147,2,164,0.06614041328430176,0.4033,2.0847,0,1,0,4,0
444,551175,2,rule_based_agent_1,rule_based_agent,0,400,1,1,0,1,11,7,55,3,65,0.017307281494140625,0.2663,0.5999,0,1,0,3,0
444,551175,3,rule_based_agent_2,rule_based_agent,0,400,8,3,1,1,33,20,173,11,204,0.06032705307006836,0.2957,2.0192,0,1,0,1,1
445,551176,0,benedict_task4,benedict_task4,0,259,1,1,0,1,25,12,77,1,100,0.0038993358612060547,0.039,0.1569,0,1,0,2,0
445,551176,1,rule_based_agent_0,rule_based_agent,0,259,6,6,0,1,45,23,187,12,222,0.08331656455993652,0.3753,1.9748,0,1,0,1,1
445,551176,2,rule_based_agent_1,rule_based_agent,1,259,1,1,0,0,33,21,228,6,259,0.11964273452758789,0.4619,1.976,0,0,0,2,0
445,551176,3,rule_based_agent_2,rule_based_agent,0,259,1,1,0,1,17,6,45,3,54,0.01355600357055664,0.251,0.6809,0,1,0,2,0
446,551177,0,benedict_task4,benedict_task4,0,304,3,3,0,1,36,31,248,6,300,0.027676820755004883,0.0923,0.6552,0,1,0,2,0
446,551177,1,rule_based_agent_0,rule_based_agent,1,304,8,3,1,0,26,27,263,8,304,0.14783978462219238,0.4863,1.8601,0,0,0,1,1
446,551177,2,rule_based_agent_1,rule_based_agent,0,304,1,1,0,1,25,25,256,15,296,0.142836332321167,0.4826,1.874,0,1,0,4,0
446,551177,3,rule_based_agent_2,rule_based_agent,0,304,2,2,0,1,39,12,111,8,131,0.04403042793273926,0.3361,2.1491,0,1,0,3,0
447,551178,0,benedict_task4,benedict_task4,0,400,2,2,0,1,40,27,188,5,244,0.016278982162475586,0.0667,0.4849,0,1,0,2,0
447,551178,1,rule_based_agent_0,rule_based_agent,1,400,9,4,1,0,23,23,373,4,400,0.23938822746276855,0.5985,1.806,0,0,0,1,1
447,551178,2,rule_based_agent_1,rule_based_agent,1,400,1,1,0,0,25,23,362,15,400,0.27768588066101074,0.6942,2.2128,0,0,0,4,0
447,551178,3,rule_based_agent_2,rule_based_agent,0,400,2,2,0,1,33,14,160,3,177,0.048589468002319336,0.2745,1.7161,0,1,0,2,0
448,551179,0,benedict_task4,benedict_task4,0,263,4,4,0,1,16,10,67,0,83,0.002475261688232422,0.0298,0.073,0,1,0,2,0
448,551179,1,rule_based_agent_0,rule_based_agent,0,263,0,0,0,1,32,16,156,6,178,0.07124543190002441,0.4003,1.8649,0,1,0,3,0
448,551179,2,rule_based_agent_1,rule_based_agent,0,263,0,0,0,1,29,9,79,3,91,0.026726484298706055,0.2937,0.741,0,1,0,3,0
448,551179,3,rule_based_agent_2,rule_based_agent,1,263,5,5,0,0,48,21,234,4,263,0.15771842002868652,0.5997,2.1901,0,0,0,1,1
449,551180,0,benedict_task4,benedict_task4,0,400,0,0,0,1,18,8,41,2,58,0.0024628639221191406,0.0425,0.2561,0,1,0,4,0
449,551180,1,rule_based_agent_0,rule_based_agent,1,400,1,1,0,0,38,33,356,9,400,0.21268606185913086,0.5317,2.0878,0,0,0,3,0
449,551180,2,rule_based_agent_1,rule_based_agent,1,400,4,4,0,0,20,31,361,8,400,0.19073081016540527,0.4768,2.758,0,0,0,1,1
449,551180,3,rule_based_agent_2,rule_based_agent,0,400,4,4,0,1,40,12,93,4,109,0.03704643249511719,0.3399,2.0318,0,1,0,1,1
450,551181,0,benedict_task4,benedict_task4,0,400,3,3,0,1,32,34,240,10,305,0.029376745223999023,0.0963,0.4869,0,1,0,3,0
450,551181,1,rule_based_agent_0,rule_based_agent,1,400,4,4,0,0,22,31,356,11,400,0.22666645050048828,0.5667,2.7778,0,0,0,2,0
450,551181,2,rule_based_agent_1,rule_based_agent,1,400,7,2,1,0,49,33,349,16,400,0.23510146141052246,0.5878,2.1219,0,0,0,1,1
450,551181,3,rule_based_agent_2,rule_based_agent,0,400,0,0,0,1,23,6,37,4,47,0.011427640914916992,0.2431,0.566,0,1,0,4,0
451,551182,0,benedict_task4,benedict_task4,0,366,3,3,0,1,29,42,289,6,362,0.03631258010864258,0.1003,0.5338,0,1,0,2,0
451,551182,1,rule_based_agent_0,rule_based_agent,1,366,2,2,0,0,42,34,315,6,366,0.15922236442565918,0.435,1.8942,0,0,0,3,0
451,551182,2,rule_based_agent_1,rule_based_agent,0,366,0,0,0,0,23,6,43,2,51,0.019684553146362305,0.386,1.2801,0,1,1,4,0
451,551182,3,rule_based_agent_2,rule_based_agent,0,366,9,4,1,1,29,20,211,5,236,0.10712409019470215,0.4539,1.9431,0,1,0,1,1
452,551183,0,benedict_task4,benedict_task4,0,307,7,2,1,1,30,37,238,4,299,0.028172969818115234,0.0942,0.488,0,1,0,1,1
452,551183,1,rule_based_agent_0,rule_based_agent,0,307,2,2,0,1,23,8,61,3,72,0.0166776180267334,0.2316,0.5918,0,1,0,3,0
452,551183,2,rule_based_agent_1,rule_based_agent,0,307,1,1,0,1,25,8,79,6,93,0.031205177307128906,0.3355,1.2531,0,1,0,4,0
452,551183,3,rule_based_agent_2,rule_based_agent,1,307,4,4,0,0,44,23,267,4,307,0.14360308647155762,0.4678,2.1839,0,0,0,2,0
453,551184,0,benedict_task4,benedict_task4,1,400,9,4,1,0,28,44,316,13,400,0.04733395576477051,0.1183,0.5059,0,0,0,1,1
453,551184,1,rule_based_agent_0,rule_based_agent,0,400,6,1,1,1,29,17,145,7,169,0.06579875946044922,0.3893,1.9467,0,1,0,2,0
453,551184,2,rule_based_agent_1,rule_based_agent,0,400,3,3,0,0,41,14,99,3,116,0.0430908203125,0.3715,1.8032,0,1,1,4,0
453,551184,3,rule_based_agent_2,rule_based_agent,1,400,6,1,1,0,31,35,336,16,400,0.21343755722045898,0.5336,1.7951,0,0,0,2,0
454,551185,0,benedict_task4,benedict_task4,0,269,3,3,0,1,29,29,212,4,265,0.02463054656982422,0.0929,0.4642,0,1,0,1,1
454,551185,1,rule_based_agent_0,rule_based_agent,0,269,3,3,0,1,47,14,130,3,147,0.06661748886108398,0.4532,2.6271,0,1,0,1,1
454,551185,2,rule_based_agent_1,rule_based_agent,0,269,0,0,0,1,18,6,39,4,49,0.011701345443725586,0.2388,0.5031,0,1,0,4,0
454,551185,3,rule_based_agent_2,rule_based_agent,1,269,3,3,0,0,26,20,233,7,269,0.12397933006286621,0.4609,2.8002,0,0,0,1,1
455,551186,0,benedict_task4,benedict_task4,1,400,2,2,0,0,36,48,308,11,400,0.035826921463012695,0.0896,0.5691,0,0,0,2,0
455,551186,1,rule_based_agent_0,rule_based_agent,0,400,2,2,0,1,42,17,138,10,165,0.05232739448547363,0.3171,2.0528,0,1,0,2,0
455,551186,2,rule_based_agent_1,rule_based_agent,0,400,2,2,0,1,17,13,147,8,168,0.06718277931213379,0.3999,1.4112,0,1,0,2,0
455,551186,3,rule_based_agent_2,rule_based_agent,1,400,3,3,0,0,32,30,353,7,400,0.21266818046569824,0.5317,1.8969,0,0,0,1,1
456,551187,0,benedict_task4,benedict_task4,1,400,8,3,1,0,38,47,318,7,400,0.041663408279418945,0.1042,0.53,0,0,0,1,1
456,551187,1,rule_based_agent_0,rule_based_agent,0,400,4,4,0,1,29,28,341,14,394,0.17302680015563965,0.4392,1.8229,0,1,0,2,0
456,551187,2,rule_based_agent_1,rule_based_agent,0,400,2,2,0,1,22,7,46,8,61,0.014450550079345703,0.2369,0.9091,0,1,0,3,0
456,551187,3,rule_based_agent_2,rule_based_agent,0,400,0,0,0,1,31,12,105,6,123,0.032196998596191406,0.2618,1.1749,0,1,0,4,0
457,551188,0,benedict_task4,benedict_task4,0,347,0,0,0,1,36,38,271,10,343,0.03708362579345703,0.1081,0.5603,0,1,0,4,0
457,551188,1,rule_based_agent_0,rule_based_agent,1,347,3,3,0,0,32,30,293,12,347,0.20100808143615723,0.5793,2.063,0,0,0,2,0
457,551188,2,rule_based_agent_1,rule_based_agent,0,347,2,2,0,1,22,14,137,9,160,0.07211446762084961,0.4507,2.111,0,1,0,3,0
457,551188,3,rule_based_agent_2,rule_based_agent,0,347,4,4,0,1,37,20,193,11,224,0.1143345832824707,0.5104,2.0931,0,1,0,1,1
458,551189,0,benedict_task4,benedict_task4,0,213,3,3,0,1,43,23,167,3,209,0.010935783386230469,0.0523,0.4139,0,1,0,1,1
458,551189,1,rule_based_agent_0,rule_based_agent,0,213,3,3,0,1,23,17,174,7,198,0.0819847583770752,0.4141,1.9069,0,1,0,1,1
458,551189,2,rule_based_agent_1,rule_based_agent,0,213,2,2,0,1,29,7,55,5,67,0.016268491744995117,0.2428,0.7911,0,1,0,3,0
458,551189,3,rule_based_agent_2,rule_based_agent,1,213,1,1,0,0,27,17,187,4,213,0.08883309364318848,0.4171,1.8959,0,0,0,4,0
459,551190,0,benedict_task4,benedict_task4,0,316,7,2,1,1,35,37,240,8,308,0.029607772827148438,0.0961,0.5429,0,1,0,1,1
459,551190,1,rule_based_agent_0,rule_based_agent,0,316,0,0,0,1,31,8,60,4,72,0.016606569290161133,0.2306,0.6342,0,1,0,4,0
459,551190,2,rule_based_agent_1,rule_based_agent,1,316,5,5,0,0,32,24,277,3,316,0.1434321403503418,0.4539,1.92,0,0,0,2,0
459,551190,3,rule_based_agent_2,rule_based_agent,0,316,2,2,0,0,29,10,83,5,98,0.02688288688659668,0.2743,1.2419,0,1,1,3,0
460,551191,0,benedict_task4,benedict_task4,0,337,3,3,0,1,22,11,68,3,89,0.0030045509338378906,0.0338,0.1221,0,1,0,2,0
460,551191,1,rule_based_agent_0,rule_based_agent,0,337,7,2,1,1,44,28,257,9,294,0.13396573066711426,0.4557,2.3859,0,1,0,1,1
460,551191,2,rule_based_agent_1,rule_based_agent,1,337,2,2,0,0,37,29,294,10,337,0.17394113540649414,0.5161,1.9898,0,0,0,3,0
460,551191,3,rule_based_agent_2,rule_based_agent,0,337,2,2,0,0,20,15,147,10,172,0.06894540786743164,0.4008,1.9739,0,1,1,3,0
461,551192,0,benedict_task4,benedict_task4,0,188,3,3,0,1,29,20,145,2,184,0.012427091598510742,0.0675,0.6571,0,1,0,2,0
461,551192,1,rule_based_agent_0,rule_based_agent,0,188,7,2,1,1,26,10,97,6,113,0.04089951515197754,0.3619,1.2591,0,1,0,1,1
461,551192,2,rule_based_agent_1,rule_based_agent,0,188,2,2,0,1,41,10,100,3,113,0.0410761833190918,0.3635,2.1014,0,1,0,3,0
461,551192,3,rule_based_agent_2,rule_based_agent,1,188,2,2,0,0,32,14,165,4,188,0.0865180492401123,0.4602,2.0721,0,0,0,3,0
462,551193,0,benedict_task4,benedict_task4,0,400,6,1,1,1,33,30,234,3,293,0.0326993465423584,0.1116,0.5589,0,1,0,1,1
462,551193,1,rule_based_agent_0,rule_based_agent,0,400,1,1,0,0,27,9,65,2,76,0.020175933837890625,0.2655,1.0121,0,1,1,4,0
462,551193,2,rule_based_agent_1,rule_based_agent,1,400,3,3,0,0,31,30,350,19,400,0.22529244422912598,0.5632,2.1052,0,0,0,3,0
462,551193,3,rule_based_agent_2,rule_based_agent,1,400,4,4,0,0,31,29,355,15,400,0.22804474830627441,0.5701,2.0919,0,0,0,2,0
463,551194,0,benedict_task4,benedict_task4,0,400,3,3,0,1,33,20,154,5,192,0.0075702667236328125,0.0394,0.1872,0,1,0,1,1
463,551194,1,rule_based_agent_0,rule_based_agent,1,400,2,2,0,0,33,35,348,17,400,0.1807398796081543,0.4518,1.8158,0,0,0,3,0
463,551194,2,rule_based_agent_1,rule_based_agent,0,400,1,1,0,1,25,27,259,8,294,0.12376213073730469,0.421,1.8232,0,1,0,4,0
463,551194,3,rule_based_agent_2,rule_based_agent,1,400,3,3,0,0,26,29,361,10,400,0.19619131088256836,0.4905,1.8282,0,0,0,1,1
464,551195,0,benedict_task4,benedict_task4,0,204,3,3,0,1,47,19,143,2,184,0.006341695785522461,0.0345,0.2811,0,1,0,1,1
464,551195,1,rule_based_agent_0,rule_based_agent,1,204,3,3,0,0,29,14,182,4,204,0.07826089859008789,0.3836,2.095,0,0,0,1,1
464,551195,2,rule_based_agent_1,rule_based_agent,0,204,1,1,0,1,26,9,71,3,83,0.019001007080078125,0.2289,0.751,0,1,0,4,0
464,551195,3,rule_based_agent_2,rule_based_agent,0,204,2,2,0,1,30,9,81,2,92,0.027687549591064453,0.301,1.9829,0,1,0,3,0
465,551196,0,benedict_task4,benedict_task4,0,213,5,5,0,1,35,23,167,1,209,0.009668588638305664,0.0463,0.5331,0,1,0,1,1
465,551196,1,rule_based_agent_0,rule_based_agent,0,213,1,1,0,1,42,15,131,6,152,0.05816149711608887,0.3826,2.0881,0,1,0,3,0
465,551196,2,rule_based_agent_1,rule_based_agent,0,213,1,1,0,1,20,7,47,6,60,0.014285564422607422,0.2381,0.613,0,1,0,3,0
465,551196,3,rule_based_agent_2,rule_based_agent,1,213,2,2,0,0,19,11,195,2,213,0.08745741844177246,0.4106,2.1579,0,0,0,2,0
466,551197,0,benedict_task4,benedict_task4,1,400,2,2,0,0,54,50,288,32,400,0.0346066951751709,0.0865,0.3991,0,0,0,2,0
466,551197,1,rule_based_agent_0,rule_based_agent,0,400,2,2,0,1,11,5,37,2,44,0.011103630065917969,0.2524,0.6142,0,1,0,2,0
466,551197,2,rule_based_agent_1,rule_based_agent,0,400,0,0,0,1,30,12,115,7,134,0.041394710540771484,0.3089,1.0078,0,1,0,4,0
466,551197,3,rule_based_agent_2,rule_based_agent,0,400,5,5,0,1,28,16,159,8,183,0.0663614273071289,0.3626,1.3609,0,1,0,1,1
467,551198,0,benedict_task4,benedict_task4,0,284,3,3,0,1,30,32,224,2,280,0.02387857437133789,0.0853,0.5403,0,1,0,1,1
467,551198,1,rule_based_agent_0,rule_based_agent,0,284,1,1,0,1,26,11,84,4,99,0.03003382682800293,0.3034,0.9601,0,1,0,4,0
467,551198,2,rule_based_agent_1,rule_based_agent,0,284,3,3,0,1,43,12,97,3,112,0.03209376335144043,0.2866,2.037,0,1,0,1,1
467,551198,3,rule_based_agent_2,rule_based_agent,1,284,2,2,0,0,33,21,247,5,284,0.11463212966918945,0.4036,1.6911,0,0,0,3,0
468,551199,0,benedict_task4,benedict_task4,0,296,3,3,0,1,26,31,235,4,292,0.02642202377319336,0.0905,0.6361,0,1,0,2,0
468,551199,1,rule_based_agent_0,rule_based_agent,0,296,0,0,0,1,40,14,110,1,125,0.040496826171875,0.324,1.9548,0,1,0,4,0
468,551199,2,rule_based_agent_1,rule_based_agent,1,296,4,4,0,0,33,22,259,6,296,0.15597963333129883,0.527,2.4319,0,0,0,1,1
468,551199,3,rule_based_agent_2,rule_based_agent,0,296,2,2,0,1,24,7,51,5,63,0.015541315078735352,0.2467,0.7961,0,1,0,3,0
469,551200,0,benedict_task4,benedict_task4,0,400,2,2,0,1,30,11,82,2,107,0.0036864280700683594,0.0345,0.1411,0,1,0,2,0
469,551200,1,rule_based_agent_0,rule_based_agent,1,400,1,1,0,0,26,35,351,14,400,0.19206595420837402,0.4802,2.0568,0,0,0,3,0
469,551200,2,rule_based_agent_1,rule_based_agent,0,400,1,1,0,1,32,10,73,5,88,0.01958155632019043,0.2225,0.715,0,1,0,3,0
469,551200,3,rule_based_agent_2,rule_based_agent,1,400,4,4,0,0,31,36,348,16,400,0.18291211128234863,0.4573,2.0022,0,0,0,1,1
470,551201,0,benedict_task4,benedict_task4,0,400,3,3,0,1,27,35,274,7,330,0.02694559097290039,0.0817,1.709,0,1,0,2,0
470,551201,1,rule_based_agent_0,rule_based_agent,0,400,0,0,0,1,24,6,45,4,55,0.013926029205322266,0.2532,0.6328,0,1,0,4,0
470,551201,2,rule_based_agent_1,rule_based_agent,1,400,9,4,1,0,39,35,357,7,400,0.1864614486694336,0.4662,1.8561,0,0,0,1,1
470,551201,3,rule_based_agent_2,rule_based_agent,1,400,2,2,0,0,39,32,354,13,400,0.19945216178894043,0.4986,2.0821,0,0,0,3,0
471,551202,0,benedict_task4,benedict_task4,0,181,2,2,0,1,23,17,123,1,156,0.006834268569946289,0.0438,0.247,0,1,0,3,0
471,551202,1,rule_based_agent_0,rule_based_agent,0,181,7,2,1,1,33,13,116,4,133,0.04388689994812012,0.33,1.348,0,1,0,1,1
471,551202,2,rule_based_agent_1,rule_based_agent,1,181,2,2,0,0,24,16,156,5,181,0.08717465400695801,0.4816,2.1448,0,0,0,3,0
471,551202,3,rule_based_agent_2,rule_based_agent,0,181,3,3,0,1,34,15,111,7,133,0.037015676498413086,0.2783,1.6289,0,1,0,2,0
472,551203,0,benedict_task4,benedict_task4,1,400,3,3,0,0,24,45,321,9,400,0.05244159698486328,0.1311,0.5429,0,0,0,2,0
472,551203,1,rule_based_agent_0,rule_based_agent,1,400,3,3,0,0,37,33,350,7,400,0.2239546775817871,0.5599,2.0161,0,0,0,2,0
472,551203,2,rule_based_agent_1,rule_based_agent,0,400,6,1,1,1,31,23,213,10,246,0.13083887100219727,0.5319,1.8458,0,1,0,1,1
472,551203,3,rule_based_agent_2,rule_based_agent,0,400,2,2,0,0,26,16,141,5,162,0.06339693069458008,0.3913,2.625,0,1,1,4,0
473,551204,0,benedict_task4,benedict_task4,0,248,6,1,1,1,25,13,90,3,115,0.004952669143676758,0.0431,0.1228,0,1,0,1,1
473,551204,1,rule_based_agent_0,rule_based_agent,0,248,2,2,0,1,27,10,99,5,114,0.02855706214904785,0.2505,1.0881,0,1,0,3,0
473,551204,2,rule_based_agent_1,rule_based_agent,1,248,5,5,0,0,53,23,220,1,248,0.13176894187927246,0.5313,2.095,0,0,0,2,0
473,551204,3,rule_based_agent_2,rule_based_agent,0,248,1,1,0,1,13,5,36,1,42,0.009041070938110352,0.2153,0.4249,0,1,0,4,0
474,551205,0,benedict_task4,benedict_task4,0,349,2,2,0,1,35,42,264,6,341,0.029192447662353516,0.0856,0.4759,0,1,0,2,0
474,551205,1,rule_based_agent_0,rule_based_agent,0,349,2,2,0,1,28,14,137,10,161,0.053000450134277344,0.3292,1.6158,0,1,0,2,0
474,551205,2,rule_based_agent_1,rule_based_agent,1,349,4,4,0,0,39,24,305,6,349,0.1819441318511963,0.5213,1.863,0,0,0,1,1
474,551205,3,rule_based_agent_2,rule_based_agent,0,349,1,1,0,1,25,7,55,2,64,0.013797760009765625,0.2156,0.4838,0,1,0,4,0
475,551206,0,benedict_task4,benedict_task4,1,400,2,2,0,0,38,46,319,7,400,0.04395866394042969,0.1099,0.555,0,0,0,2,0
475,551206,1,rule_based_agent_0,rule_based_agent,1,400,3,3,0,0,32,36,345,14,400,0.1986372470855713,0.4966,2.0039,0,0,0,1,1
475,551206,2,rule_based_agent_1,rule_based_agent,0,400,2,2,0,1,28,25,255,14,297,0.1327807903289795,0.4471,1.8101,0,1,0,2,0
475,551206,3,rule_based_agent_2,rule_based_agent,0,400,2,2,0,1,20,7,54,2,63,0.016054868698120117,0.2548,0.7989,0,1,0,2,0
476,551207,0,benedict_task4,benedict_task4,0,264,2,2,0,1,27,15,105,8,140,0.0064487457275390625,0.0461,0.2098,0,1,0,3,0
476,551207,1,rule_based_agent_0,rule_based_agent,0,264,7,2,1,1,22,10,101,5,116,0.032660484313964844,0.2816,0.844,0,1,0,1,1
476,551207,2,rule_based_agent_1,rule_based_agent,0,264,2,2,0,1,29,12,89,5,106,0.03365635871887207,0.3175,1.9081,0,1,0,3,0
476,551207,3,rule_based_agent_2,rule_based_agent,1,264,3,3,0,0,37,20,238,2,264,0.1560673713684082,0.5912,2.0151,0,0,0,2,0
477,551208,0,benedict_task4,benedict_task4,0,337,4,4,0,1,45,39,272,2,333,0.02058887481689453,0.0618,0.546,0,1,0,2,0
477,551208,1,rule_based_agent_0,rule_based_agent,1,337,5,5,0,0,48,26,297,5,337,0.14955449104309082,0.4438,2.0969,0,0,0,1,1
477,551208,2,rule_based_agent_1,rule_based_agent,0,337,0,0,0,1,16,5,36,4,45,0.011687517166137695,0.2597,0.7639,0,1,0,3,0
477,551208,3,rule_based_agent_2,rule_based_agent,0,337,0,0,0,1,15,5,40,4,49,0.013344287872314453,0.2723,0.8402,0,1,0,3,0
478,551209,0,benedict_task4,benedict_task4,0,400,2,2,0,0,20,13,91,3,116,0.005668163299560547,0.0489,0.2623,0,1,1,3,0
478,551209,1,rule_based_agent_0,rule_based_agent,0,400,6,1,1,1,22,14,141,7,162,0.05418753623962402,0.3345,1.9989,0,1,0,1,1
478,551209,2,rule_based_agent_1,rule_based_agent,1,400,4,4,0,0,39,40,345,15,400,0.19820928573608398,0.4955,2.667,0,0,0,2,0
478,551209,3,rule_based_agent_2,rule_based_agent,1,400,2,2,0,0,38,40,347,13,400,0.18353676795959473,0.4588,1.7939,0,0,0,3,0
479,551210,0,benedict_task4,benedict_task4,0,351,2,2,0,1,41,41,270,5,343,0.029984235763549805,0.0874,0.417,0,1,0,3,0
479,551210,1,rule_based_agent_0,rule_based_agent,0,351,8,3,1,0,34,12,95,1,108,0.03412342071533203,0.316,1.241,0,1,1,2,0
479,551210,2,rule_based_agent_1,rule_based_agent,1,351,9,4,1,0,33,22,313,4,351,0.15874171257019043,0.4523,2.1141,0,0,0,1,1
479,551210,3,rule_based_agent_2,rule_based_agent,0,351,0,0,0,0,22,8,55,3,66,0.014607906341552734,0.2213,0.5481,0,1,1,4,0
480,551211,0,benedict_task4,benedict_task4,1,400,2,2,0,0,45,51,287,32,400,0.040186405181884766,0.1005,1.9951,0,0,0,3,0
480,551211,1,rule_based_agent_0,rule_based_agent,0,400,2,2,0,1,29,22,209,10,244,0.11116933822631836,0.4556,2.0788,0,1,0,3,0
480,551211,2,rule_based_agent_1,rule_based_agent,0,400,4,4,0,0,24,9,104,3,116,0.03921008110046387,0.338,1.9312,0,1,1,2,0
480,551211,3,rule_based_agent_2,rule_based_agent,0,400,6,1,1,1,21,16,155,2,173,0.06990504264831543,0.4041,1.94,0,1,0,1,1
481,551212,0,benedict_task4,benedict_task4,0,400,2,2,0,1,30,18,120,3,154,0.006201505661010742,0.0403,0.288,0,1,0,3,0
481,551212,1,rule_based_agent_0,rule_based_agent,1,400,4,4,0,0,25,17,379,4,400,0.26348137855529785,0.6587,1.9188,0,0,0,2,0
481,551212,2,rule_based_agent_1,rule_based_agent,1,400,7,2,1,0,43,16,382,2,400,0.2854444980621338,0.7136,1.9393,0,0,0,1,1
481,551212,3,rule_based_agent_2,rule_based_agent,0,400,1,1,0,0,22,7,61,1,69,0.019863367080688477,0.2879,0.762,0,1,1,4,0
482,551213,0,benedict_task4,benedict_task4,0,380,2,2,0,1,36,43,294,2,372,0.03760790824890137,0.1011,0.612,0,1,0,3,0
482,551213,1,rule_based_agent_0,rule_based_agent,0,380,3,3,0,1,21,14,133,11,158,0.05574846267700195,0.3528,1.452,0,1,0,1,1
482,551213,2,rule_based_agent_1,rule_based_agent,1,380,3,3,0,0,27,33,323,9,380,0.16979575157165527,0.4468,1.8051,0,0,0,1,1
482,551213,3,rule_based_agent_2,rule_based_agent,0,380,1,1,0,1,34,23,229,15,267,0.10652446746826172,0.399,1.776,0,1,0,4,0
483,551214,0,benedict_task4,benedict_task4,0,400,2,2,0,1,33,47,322,5,399,0.049302101135253906,0.1236,0.519,0,1,0,2,0
483,551214,1,rule_based_agent_0,rule_based_agent,1,400,6,6,0,0,48,28,350,7,400,0.20312166213989258,0.5078,1.7662,0,0,0,1,1
483,551214,2,rule_based_agent_1,rule_based_agent,0,400,0,0,0,1,18,5,42,1,48,0.015819787979125977,0.3296,0.6492,0,1,0,4,0
483,551214,3,rule_based_agent_2,rule_based_agent,0,400,1,1,0,1,21,9,63,2,74,0.02042531967163086,0.276,1.014,0,1,0,3,0
484,551215,0,benedict_task4,benedict_task4,1,400,2,2,0,0,44,46,306,13,400,0.04005742073059082,0.1001,0.5503,0,0,0,3,0
484,551215,1,rule_based_agent_0,rule_based_agent,0,400,2,2,0,1,19,16,161,7,184,0.07729458808898926,0.4201,1.8871,0,1,0,3,0
484,551215,2,rule_based_agent_1,rule_based_agent,0,400,6,1,1,1,29,26,261,18,305,0.1544809341430664,0.5065,1.919,0,1,0,1,1
484,551215,3,rule_based_agent_2,rule_based_agent,0,400,4,4,0,1,37,31,309,16,360,0.20590782165527344,0.572,2.0087,0,1,0,2,0
485,551216,0,benedict_task4,benedict_task4,1,400,4,4,0,0,29,45,320,8,400,0.046451568603515625,0.1161,0.566,0,0,0,2,0
485,551216,1,rule_based_agent_0,rule_based_agent,0,400,2,2,0,1,29,20,201,10,231,0.10271191596984863,0.4446,2.6019,0,1,0,3,0
485,551216,2,rule_based_agent_1,rule_based_agent,0,400,2,2,0,1,34,13,104,6,123,0.04361844062805176,0.3546,1.992,0,1,0,3,0
485,551216,3,rule_based_agent_2,rule_based_agent,1,400,6,1,1,0,24,32,339,17,400,0.21382617950439453,0.5346,1.9457,0,0,0,1,1
486,551217,0,benedict_task4,benedict_task4,1,400,1,1,0,0,41,53,268,48,400,0.03802156448364258,0.0951,1.2372,0,0,0,4,0
486,551217,1,rule_based_agent_0,rule_based_agent,0,400,2,2,0,1,25,9,83,4,96,0.02664971351623535,0.2776,0.8891,0,1,0,3,0
486,551217,2,rule_based_agent_1,rule_based_agent,0,400,3,3,0,1,30,8,74,2,84,0.022279024124145508,0.2652,0.9251,0,1,0,1,1
486,551217,3,rule_based_agent_2,rule_based_agent,0,400,3,3,0,1,28,10,115,1,126,0.05528616905212402,0.4388,1.8671,0,1,0,1,1
487,551218,0,benedict_task4,benedict_task4,0,266,3,3,0,1,30,29,204,4,258,0.02064037322998047,0.08,0.4802,0,1,0,1,1
487,551218,1,rule_based_agent_0,rule_based_agent,1,266,2,2,0,0,34,18,231,5,266,0.08533143997192383,0.3208,1.7757,0,0,0,3,0
487,551218,2,rule_based_agent_1,rule_based_agent,0,266,1,1,0,1,34,12,109,6,127,0.041108131408691406,0.3237,2.0213,0,1,0,4,0
487,551218,3,rule_based_agent_2,rule_based_agent,0,266,3,3,0,1,40,9,81,3,93,0.0241239070892334,0.2594,0.9131,0,1,0,1,1
488,551219,0,benedict_task4,benedict_task4,0,400,2,2,0,1,17,8,51,0,64,0.0018019676208496094,0.0282,0.0761,0,1,0,2,0
488,551219,1,rule_based_agent_0,rule_based_agent,1,400,2,2,0,0,32,38,348,14,400,0.19920134544372559,0.498,2.0428,0,0,0,2,0
488,551219,2,rule_based_agent_1,rule_based_agent,0,400,0,0,0,1,40,10,85,2,97,0.021805524826049805,0.2248,0.7648,0,1,0,4,0
488,551219,3,rule_based_agent_2,rule_based_agent,1,400,5,5,0,0,42,40,351,9,400,0.19454097747802734,0.4864,2.079,0,0,0,1,1
489,551220,0,benedict_task4,benedict_task4,0,243,0,0,0,1,16,13,85,4,109,0.0067059993743896484,0.0615,0.387,0,1,0,4,0
489,551220,1,rule_based_agent_0,rule_based_agent,1,243,3,3,0,0,46,21,216,2,243,0.12937021255493164,0.5324,2.1031,0,0,0,2,0
489,551220,2,rule_based_agent_1,rule_based_agent,0,243,4,4,0,1,39,14,145,5,164,0.07439231872558594,0.4536,1.96,0,1,0,1,1
489,551220,3,rule_based_agent_2,rule_based_agent,0,243,2,2,0,1,22,8,74,2,84,0.02413344383239746,0.2873,1.7962,0,1,0,3,0
490,551221,0,benedict_task4,benedict_task4,1,400,2,2,0,0,30,46,314,11,400,0.04301953315734863,0.1075,0.56,0,0,0,3,0
490,551221,1,rule_based_agent_0,rule_based_agent,0,400,1,1,0,1,22,16,159,6,181,0.0714869499206543,0.395,2.0869,0,1,0,4,0
490,551221,2,rule_based_agent_1,rule_based_agent,1,400,8,3,1,0,33,33,342,15,400,0.2072153091430664,0.518,1.9321,0,0,0,1,1
490,551221,3,rule_based_agent_2,rule_based_agent,0,400,8,3,1,1,39,21,173,9,203,0.0714876651763916,0.3522,1.8828,0,1,0,1,1
491,551222,0,benedict_task4,benedict_task4,0,253,8,3,1,1,25,23,173,2,217,0.011161327362060547,0.0514,0.2992,0,1,0,1,1
491,551222,1,rule_based_agent_0,rule_based_agent,1,253,3,3,0,0,39,22,222,5,253,0.09540510177612305,0.3771,1.9231,0,0,0,2,0
491,551222,2,rule_based_agent_1,rule_based_agent,0,253,1,1,0,1,17,9,82,4,95,0.028307676315307617,0.298,0.869,0,1,0,4,0
491,551222,3,rule_based_agent_2,rule_based_agent,0,253,2,2,0,0,43,23,192,2,217,0.10164022445678711,0.4684,1.914,0,1,1,3,0
492,551223,0,benedict_task4,benedict_task4,0,256,1,1,0,1,29,11,78,1,99,0.004232168197631836,0.0427,0.2019,0,1,0,4,0
492,551223,1,rule_based_agent_0,rule_based_agent,0,256,2,2,0,0,19,9,97,3,109,0.03942394256591797,0.3617,2.3177,0,1,1,2,0
492,551223,2,rule_based_agent_1,rule_based_agent,0,256,2,2,0,1,31,12,101,3,116,0.027292251586914062,0.2353,0.9811,0,1,0,2,0
492,551223,3,rule_based_agent_2,rule_based_agent,1,256,9,4,1,0,47,20,228,4,256,0.1550731658935547,0.6058,2.2209,0,0,0,1,1
493,551224,0,benedict_task4,benedict_task4,0,213,1,1,0,0,22,11,75,5,98,0.003655672073364258,0.0373,0.109,0,1,1,4,0
493,551224,1,rule_based_agent_0,rule_based_agent,0,213,14,4,2,1,30,15,127,3,145,0.05185294151306152,0.3576,1.8837,0,1,0,1,1
493,551224,2,rule_based_agent_1,rule_based_agent,0,213,2,2,0,1,27,14,125,6,145,0.062296152114868164,0.4296,1.982,0,1,0,2,0
493,551224,3,rule_based_agent_2,rule_based_agent,1,213,2,2,0,0,27,18,186,5,213,0.10488009452819824,0.4924,1.8642,0,0,0,2,0
494,551225,0,benedict_task4,benedict_task4,0,369,8,3,1,1,36,43,274,7,361,0.030942201614379883,0.0857,0.5441,0,1,0,1,1
494,551225,1,rule_based_agent_0,rule_based_agent,0,369,1,1,0,1,22,8,85,2,95,0.0278167724609375,0.2928,0.8872,0,1,0,4,0
494,551225,2,rule_based_agent_1,rule_based_agent,0,369,3,3,0,0,32,10,90,1,101,0.028331279754638672,0.2805,1.5759,0,1,1,2,0
494,551225,3,rule_based_agent_2,rule_based_agent,1,369,2,2,0,0,32,29,323,5,369,0.1815478801727295,0.492,1.8311,0,0,0,3,0
495,551226,0,benedict_task4,benedict_task4,0,400,4,4,0,1,36,17,137,0,168,0.007612943649291992,0.0453,0.2949,0,1,0,2,0
495,551226,1,rule_based_agent_0,rule_based_agent,1,400,1,1,0,0,18,37,346,17,400,0.1775524616241455,0.4439,1.9372,0,0,0,4,0
495,551226,2,rule_based_agent_1,rule_based_agent,0,400,3,3,0,1,30,19,174,8,201,0.0742349624633789,0.3693,1.9882,0,1,0,3,0
495,551226,3,rule_based_agent_2,rule_based_agent,1,400,6,1,1,0,37,38,343,19,400,0.17168593406677246,0.4292,2.0201,0,0,0,1,1
496,551227,0,benedict_task4,benedict_task4,1,400,1,1,0,0,34,49,321,8,400,0.04577064514160156,0.1144,0.5131,0,0,0,4,0
496,551227,1,rule_based_agent_0,rule_based_agent,0,400,3,3,0,1,35,14,125,8,147,0.05547189712524414,0.3774,1.7378,0,1,0,1,1
496,551227,2,rule_based_agent_1,rule_based_agent,0,400,2,2,0,1,30,8,75,3,86,0.02357339859008789,0.2741,1.2088,0,1,0,3,0
496,551227,3,rule_based_agent_2,rule_based_agent,1,400,3,3,0,0,32,32,348,9,400,0.1928870677947998,0.4822,2.2538,0,0,0,1,1
497,551228,0,benedict_task4,benedict_task4,1,400,4,4,0,0,44,43,326,6,400,0.04512310028076172,0.1128,0.598,0,0,0,1,1
497,551228,1,rule_based_agent_0,rule_based_agent,1,400,3,3,0,0,20,38,345,17,400,0.22851109504699707,0.5713,1.9908,0,0,0,2,0
497,551228,2,rule_based_agent_1,rule_based_agent,0,400,1,1,0,1,39,14,111,5,130,0.041208744049072266,0.317,1.9572,0,1,0,3,0
497,551228,3,rule_based_agent_2,rule_based_agent,1,400,1,1,0,0,24,30,349,19,400,0.23086905479431152,0.5772,2.1529,0,0,0,3,0
498,551229,0,benedict_task4,benedict_task4,0,357,1,1,0,1,27,41,291,5,353,0.023808717727661133,0.0674,0.5183,0,1,0,3,0
498,551229,1,rule_based_agent_0,rule_based_agent,0,357,1,1,0,1,37,30,271,13,314,0.1255207061767578,0.3997,2.2097,0,1,0,3,0
498,551229,2,rule_based_agent_1,rule_based_agent,0,357,4,4,0,1,31,10,103,3,116,0.03423929214477539,0.2952,0.91,0,1,0,1,1
498,551229,3,rule_based_agent_2,rule_based_agent,1,357,3,3,0,0,31,31,307,13,357,0.13042664527893066,0.3653,2.8858,0,0,0,2,0
499,551230,0,benedict_task4,benedict_task4,1,400,10,5,1,0,33,50,289,34,400,0.04647564888000488,0.1162,0.5026,0,0,0,1,1
499,551230,1,rule_based_agent_0,rule_based_agent,0,400,0,0,0,1,39,23,201,12,236,0.11632776260375977,0.4929,2.0361,0,1,0,4,0
499,551230,2,rule_based_agent_1,rule_based_agent,0,400,7,2,1,1,24,21,203,10,234,0.11776971817016602,0.5033,1.9789,0,1,0,2,0
499,551230,3,rule_based_agent_2,rule_based_agent,0,400,2,2,0,1,30,24,195,15,234,0.1060788631439209,0.4533,1.965,0,1,0,3,0
500,551231,0,benedict_task4,benedict_task4,0,314,4,4,0,1,49,34,245,4,310,0.02470254898071289,0.0797,0.5512,0,1,0,2,0
500,551231,1,rule_based_agent_0,rule_based_agent,0,314,2,2,0,1,40,24,213,12,250,0.10161852836608887,0.4065,1.936,0,1,0,3,0
500,551231,2,rule_based_agent_1,rule_based_agent,1,314,7,2,1,0,25,28,267,13,314,0.1503772735595703,0.4789,2.059,0,0,0,1,1
500,551231,3,rule_based_agent_2,rule_based_agent,0,314,1,1,0,1,23,9,69,6,84,0.020125389099121094,0.2396,0.7019,0,1,0,4,0
501,551232,0,benedict_task4,benedict_task4,0,309,1,1,0,1,40,35,241,6,305,0.0210568904876709,0.069,0.5188,0,1,0,4,0
501,551232,1,rule_based_agent_0,rule_based_agent,1,309,2,2,0,0,39,25,273,3,309,0.11923766136169434,0.3859,1.9212,0,0,0,3,0
501,551232,2,rule_based_agent_1,rule_based_agent,0,309,3,3,0,1,20,6,62,3,71,0.016411542892456055,0.2311,0.7339,0,1,0,1,1
501,551232,3,rule_based_agent_2,rule_based_agent,0,309,3,3,0,1,27,12,123,2,137,0.050154924392700195,0.3661,1.9841,0,1,0,1,1
502,551233,0,benedict_task4,benedict_task4,0,400,2,2,0,1,36,26,187,4,236,0.0190582275390625,0.0808,0.479,0,1,0,3,0
502,551233,1,rule_based_agent_0,rule_based_agent,0,400,2,2,0,0,24,11,95,5,111,0.028597354888916016,0.2576,0.7362,0,1,1,3,0
502,551233,2,rule_based_agent_1,rule_based_agent,1,400,6,1,1,0,27,22,370,8,400,0.27766966819763184,0.6942,1.972,0,0,0,1,1
502,551233,3,rule_based_agent_2,rule_based_agent,1,400,4,4,0,0,38,23,371,6,400,0.2575535774230957,0.6439,2.0192,0,0,0,2,0
503,551234,0,benedict_task4,benedict_task4,0,196,2,2,0,1,38,18,115,1,153,0.0050961971282958984,0.0333,0.1583,0,1,0,2,0
503,551234,1,rule_based_agent_0,rule_based_agent,0,196,5,5,0,1,17,8,72,2,82,0.021619319915771484,0.2637,1.0371,0,1,0,1,1
503,551234,2,rule_based_agent_1,rule_based_agent,1,196,1,1,0,0,35,13,176,3,196,0.09260272979736328,0.4725,1.9,0,0,0,3,0
503,551234,3,rule_based_agent_2,rule_based_agent,0,196,1,1,0,1,32,10,101,4,115,0.03984189033508301,0.3465,2.0192,0,1,0,3,0
504,551235,0,benedict_task4,benedict_task4,0,400,0,0,0,1,19,11,62,3,83,0.003541707992553711,0.0427,0.1149,0,1,0,4,0
504,551235,1,rule_based_agent_0,rule_based_agent,0,400,3,3,0,0,34,14,120,6,140,0.07757329940795898,0.5541,2.3093,0,1,1,2,0
504,551235,2,rule_based_agent_1,rule_based_agent,1,400,1,1,0,0,19,38,351,11,400,0.24080657958984375,0.602,2.2202,0,0,0,3,0
504,551235,3,rule_based_agent_2,rule_based_agent,1,400,8,3,1,0,42,37,353,10,400,0.2248668670654297,0.5622,2.537,0,0,0,1,1
505,551236,0,benedict_task4,benedict_task4,1,400,3,3,0,0,24,45,337,3,400,0.0317082405090332,0.0793,0.5798,0,0,0,2,0
505,551236,1,rule_based_agent_0,rule_based_agent,0,400,3,3,0,1,37,27,259,13,299,0.11595034599304199,0.3878,1.8742,0,1,0,2,0
505,551236,2,rule_based_agent_1,rule_based_agent,0,400,1,1,0,0,27,7,59,2,68,0.01545095443725586,0.2272,0.8488,0,1,1,4,0
505,551236,3,rule_based_agent_2,rule_based_agent,1,400,7,2,1,0,39,35,349,10,400,0.16912555694580078,0.4228,1.7831,0,0,0,1,1
506,551237,0,benedict_task4,benedict_task4,0,240,3,3,0,1,44,25,189,1,236,0.011207103729248047,0.0475,0.8628,0,1,0,1,1
506,551237,1,rule_based_agent_0,rule_based_agent,0,240,1,1,0,1,27,9,68,6,83,0.028658151626586914,0.3453,1.4453,0,1,0,4,0
506,551237,2,rule_based_agent_1,rule_based_agent,1,240,2,2,0,0,38,13,221,2,240,0.10848402976989746,0.452,2.079,0,0,0,3,0
506,551237,3,rule_based_agent_2,rule_based_agent,0,240,3,3,0,1,21,8,59,4,71,0.018891096115112305,0.2661,0.8759,0,1,0,1,1
507,551238,0,benedict_task4,benedict_task4,1,400,4,4,0,0,48,46,313,5,400,0.04435992240905762,0.1109,0.5732,0,0,0,1,1
507,551238,1,rule_based_agent_0,rule_based_agent,1,400,2,2,0,0,29,33,340,14,400,0.22116684913635254,0.5529,2.0959,0,0,0,2,0
507,551238,2,rule_based_agent_1,rule_based_agent,0,400,2,2,0,1,30,16,135,8,159,0.05588102340698242,0.3515,1.8709,0,1,0,2,0
507,551238,3,rule_based_agent_2,rule_based_agent,0,400,1,1,0,1,23,21,173,13,207,0.09806466102600098,0.4737,2.017,0,1,0,4,0
508,551239,0,benedict_task4,benedict_task4,0,400,3,3,0,1,26,17,108,8,145,0.005861759185791016,0.0404,0.2451,0,1,0,1,1
508,551239,1,rule_based_agent_0,rule_based_agent,1,400,3,3,0,0,29,23,369,7,400,0.23378515243530273,0.5845,1.869,0,0,0,1,1
508,551239,2,rule_based_agent_1,rule_based_agent,1,400,2,2,0,0,26,27,360,12,400,0.24207139015197754,0.6052,1.9081,0,0,0,3,0
508,551239,3,rule_based_agent_2,rule_based_agent,0,400,1,1,0,1,31,9,85,2,96,0.03383326530456543,0.3524,1.895,0,1,0,4,0
509,551240,0,benedict_task4,benedict_task4,1,400,3,3,0,0,33,45,319,10,400,0.04889631271362305,0.1222,0.6983,0,0,0,2,0
509,551240,1,rule_based_agent_0,rule_based_agent,0,400,2,2,0,1,36,27,243,10,280,0.13283038139343262,0.4744,1.945,0,1,0,3,0
509,551240,2,rule_based_agent_1,rule_based_agent,0,400,2,2,0,1,38,15,129,6,150,0.06124520301818848,0.4083,2.2039,0,1,0,3,0
509,551240,3,rule_based_agent_2,rule_based_agent,1,400,7,2,1,0,25,36,340,14,400,0.1997678279876709,0.4994,1.9221,0,0,0,1,1
510,551241,0,benedict_task4,benedict_task4,1,400,8,3,1,0,42,42,318,5,400,0.04339098930358887,0.1085,0.5493,0,0,0,1,1
510,551241,1,rule_based_agent_0,rule_based_agent,0,400,1,1,0,1,31,25,265,10,300,0.18861150741577148,0.6287,2.0669,0,1,0,4,0
510,551241,2,rule_based_agent_1,rule_based_agent,0,400,2,2,0,0,28,29,330,8,368,0.19751763343811035,0.5367,2.0349,0,1,1,3,0
510,551241,3,rule_based_agent_2,rule_based_agent,1,400,8,3,1,0,25,32,350,15,400,0.23099613189697266,0.5775,2.095,0,0,0,1,1
511,551242,0,benedict_task4,benedict_task4,1,400,3,3,0,0,36,46,329,6,400,0.03526473045349121,0.0882,0.515,0,0,0,1,1
511,551242,1,rule_based_agent_0,rule_based_agent,0,400,2,2,0,1,36,16,165,7,188,0.06426882743835449,0.3419,2.054,0,1,0,3,0
511,551242,2,rule_based_agent_1,rule_based_agent,0,400,1,1,0,1,28,10,88,2,100,0.031565189361572266,0.3157,1.2522,0,1,0,4,0
511,551242,3,rule_based_agent_2,rule_based_agent,1,400,3,3,0,0,24,28,356,8,400,0.20646214485168457,0.5162,2.0199,0,0,0,1,1
512,551243,0,benedict_task4,benedict_task4,0,325,6,1,1,1,36,35,252,8,321,0.03266477584838867,0.1018,0.577,0,1,0,2,0
512,551243,1,rule_based_agent_0,rule_based_agent,0,325,1,1,0,1,25,25,235,16,276,0.1434342861175537,0.5197,1.8806,0,1,0,4,0
512,551243,2,rule_based_agent_1,rule_based_agent,0,325,3,3,0,1,29,10,80,3,93,0.0230104923248291,0.2474,0.725,0,1,0,3,0
512,551243,3,rule_based_agent_2,rule_based_agent,1,325,9,4,1,0,22,26,285,5,325,0.1594698429107666,0.4907,1.951,0,0,0,1,1
513,551244,0,benedict_task4,benedict_task4,1,400,4,4,0,0,50,48,308,10,400,0.029507160186767578,0.0738,0.493,0,0,0,2,0
513,551244,1,rule_based_agent_0,rule_based_agent,0,400,0,0,0,1,21,7,47,4,58,0.014077425003051758,0.2427,0.597,0,1,0,4,0
513,551244,2,rule_based_agent_1,rule_based_agent,0,400,2,2,0,0,22,8,65,5,78,0.020884990692138672,0.2678,0.88,0,1,1,3,0
513,551244,3,rule_based_agent_2,rule_based_agent,1,400,8,3,1,0,23,29,361,8,400,0.17415833473205566,0.4354,2.111,0,0,0,1,1
514,551245,0,benedict_task4,benedict_task4,0,287,2,2,0,1,31,28,225,7,283,0.024801969528198242,0.0876,0.705,0,1,0,2,0
514,551245,1,rule_based_agent_0,rule_based_agent,0,287,3,3,0,1,25,11,87,4,102,0.02681899070739746,0.2629,0.6509,0,1,0,1,1
514,551245,2,rule_based_agent_1,rule_based_agent,1,287,2,2,0,0,36,26,249,5,287,0.1102743148803711,0.3842,1.883,0,0,0,2,0
514,551245,3,rule_based_agent_2,rule_based_agent,0,287,2,2,0,1,30,23,192,10,225,0.08953142166137695,0.3979,1.7848,0,1,0,2,0
515,551246,0,benedict_task4,benedict_task4,0,230,1,1,0,1,35,26,179,1,226,0.01734614372253418,0.0768,0.5391,0,1,0,2,0
515,551246,1,rule_based_agent_0,rule_based_agent,0,230,1,1,0,1,34,7,59,3,69,0.020010948181152344,0.29,0.7522,0,1,0,2,0
515,551246,2,rule_based_agent_1,rule_based_agent,1,230,0,0,0,0,26,20,201,4,230,0.10680127143859863,0.4644,1.9619,0,0,0,4,0
515,551246,3,rule_based_agent_2,rule_based_agent,0,230,7,7,0,1,36,20,189,8,218,0.0826871395111084,0.3793,1.833,0,1,0,1,1
516,551247,0,benedict_task4,benedict_task4,0,293,2,2,0,1,38,29,198,12,263,0.019108057022094727,0.0727,0.4938,0,1,0,2,0
516,551247,1,rule_based_agent_0,rule_based_agent,1,293,2,2,0,0,25,23,258,7,293,0.1522970199584961,0.5198,1.9603,0,0,0,2,0
516,551247,2,rule_based_agent_1,rule_based_agent,0,293,8,3,1,1,28,26,253,9,289,0.12355828285217285,0.4275,1.8001,0,1,0,1,1
516,551247,3,rule_based_agent_2,rule_based_agent,0,293,2,2,0,0,37,22,260,7,289,0.16133809089660645,0.5583,1.8728,0,1,1,2,0
517,551248,0,benedict_task4,benedict_task4,1,400,5,5,0,0,33,45,323,6,400,0.03922152519226074,0.0981,0.6671,0,0,0,2,0
517,551248,1,rule_based_agent_0,rule_based_agent,1,400,8,3,1,0,34,28,353,6,400,0.2234210968017578,0.5586,2.048,0,0,0,1,1
517,551248,2,rule_based_agent_1,rule_based_agent,0,400,5,0,1,1,25,17,173,12,202,0.10321617126464844,0.511,2.3162,0,1,0,2,0
517,551248,3,rule_based_agent_2,rule_based_agent,0,400,1,1,0,1,28,13,131,10,154,0.06335830688476562,0.4114,1.909,0,1,0,4,0
518,551249,0,benedict_task4,benedict_task4,1,400,1,1,0,0,37,47,326,6,400,0.03740835189819336,0.0935,0.447,0,0,0,3,0
518,551249,1,rule_based_agent_0,rule_based_agent,1,400,5,5,0,0,30,28,357,6,400,0.19005703926086426,0.4751,1.9383,0,0,0,1,1
518,551249,2,rule_based_agent_1,rule_based_agent,0,400,0,0,0,1,26,10,75,4,89,0.028465747833251953,0.3198,0.792,0,1,0,4,0
518,551249,3,rule_based_agent_2,rule_based_agent,0,400,3,3,0,1,37,11,99,6,116,0.03922104835510254,0.3381,1.492,0,1,0,2,0
519,551250,0,benedict_task4,benedict_task4,0,336,1,1,0,1,32,37,266,4,328,0.03590559959411621,0.1095,0.618,0,1,0,4,0
519,551250,1,rule_based_agent_0,rule_based_agent,0,336,3,3,0,1,28,9,83,5,97,0.028647184371948242,0.2953,1.3382,0,1,0,2,0
519,551250,2,rule_based_agent_1,rule_based_agent,1,336,8,3,1,0,27,33,277,14,336,0.14898252487182617,0.4434,1.7772,0,0,0,1,1
519,551250,3,rule_based_agent_2,rule_based_agent,0,336,2,2,0,1,28,24,206,10,240,0.10540890693664551,0.4392,1.9419,0,1,0,3,0
520,551251,0,benedict_task4,benedict_task4,1,400,1,1,0,0,36,46,313,5,400,0.043914079666137695,0.1098,0.5,0,0,0,4,0
520,551251,1,rule_based_agent_0,rule_based_agent,0,400,3,3,0,1,24,18,157,7,182,0.0874631404876709,0.4806,1.945,0,1,0,3,0
520,551251,2,rule_based_agent_1,rule_based_agent,1,400,6,1,1,0,22,34,334,24,400,0.23058509826660156,0.5765,1.8048,0,0,0,1,1
520,551251,3,rule_based_agent_2,rule_based_agent,0,400,4,4,0,1,32,19,201,13,233,0.10749101638793945,0.4613,1.8511,0,1,0,2,0
521,551252,0,benedict_task4,benedict_task4,0,400,2,2,0,1,33,24,188,4,242,0.016410112380981445,0.0678,0.52,0,1,0,2,0
521,551252,1,rule_based_agent_0,rule_based_agent,1,400,1,1,0,0,30,25,367,8,400,0.24065208435058594,0.6016,1.9541,0,0,0,3,0
521,551252,2,rule_based_agent_1,rule_based_agent,1,400,6,6,0,0,42,25,368,7,400,0.20784330368041992,0.5196,1.776,0,0,0,1,1
521,551252,3,rule_based_agent_2,rule_based_agent,0,400,0,0,0,1,11,13,140,6,159,0.07524299621582031,0.4732,1.9498,0,1,0,4,0
522,551253,0,benedict_task4,benedict_task4,0,398,9,4,1,1,37,45,311,6,394,0.042064666748046875,0.1068,0.6154,0,1,0,1,1
522,551253,1,rule_based_agent_0,rule_based_agent,0,398,2,2,0,0,29,10,111,5,126,0.051245927810668945,0.4067,2.002,0,1,1,3,0
522,551253,2,rule_based_agent_1,rule_based_agent,0,398,1,1,0,1,34,27,243,9,280,0.11447691917419434,0.4088,1.9059,0,1,0,4,0
522,551253,3,rule_based_agent_2,rule_based_agent,1,398,7,2,1,0,20,37,337,15,398,0.20388340950012207,0.5123,2.0432,0,0,0,2,0
523,551254,0,benedict_task4,benedict_task4,1,400,3,3,0,0,38,45,325,5,400,0.044146060943603516,0.1104,0.6909,0,0,0,1,1
523,551254,1,rule_based_agent_0,rule_based_agent,0,400,2,2,0,1,25,8,61,3,72,0.01752328872680664,0.2434,0.545,0,1,0,2,0
523,551254,2,rule_based_agent_1,rule_based_agent,0,400,2,2,0,1,33,20,197,12,230,0.12736797332763672,0.5538,2.166,0,1,0,2,0
523,551254,3,rule_based_agent_2,rule_based_agent,1,400,2,2,0,0,36,34,351,6,400,0.21159100532531738,0.529,2.228,0,0,0,2,0
524,551255,0,benedict_task4,benedict_task4,0,307,2,2,0,1,37,31,225,5,284,0.023952484130859375,0.0843,0.525,0,1,0,3,0
524,551255,1,rule_based_agent_0,rule_based_agent,0,307,4,4,0,1,36,11,93,4,108,0.026751041412353516,0.2477,0.798,0,1,0,1,1
524,551255,2,rule_based_agent_1,rule_based_agent,0,307,0,0,0,1,37,28,267,8,303,0.13398480415344238,0.4422,1.9019,0,1,0,4,0
524,551255,3,rule_based_agent_2,rule_based_agent,1,307,3,3,0,0,11,23,264,15,307,0.15152955055236816,0.4936,1.945,0,0,0,2,0
525,551256,0,benedict_task4,benedict_task4,0,400,1,1,0,1,22,31,239,6,297,0.02986288070678711,0.1005,0.596,0,1,0,3,0
525,551256,1,rule_based_agent_0,rule_based_agent,1,400,3,3,0,0,39,31,351,16,400,0.23169422149658203,0.5792,1.929,0,0,0,2,0
525,551256,2,rule_based_agent_1,rule_based_agent,0,400,4,4,0,1,33,13,114,5,132,0.03573918342590332,0.2708,1.2999,0,1,0,1,1
525,551256,3,rule_based_agent_2,rule_based_agent,1,400,1,1,0,0,36,32,362,5,400,0.2274019718170166,0.5685,1.9462,0,0,0,3,0
526,551257,0,benedict_task4,benedict_task4,0,285,3,3,0,1,45,31,217,2,277,0.014620065689086914,0.0528,0.2551,0,1,0,1,1
526,551257,1,rule_based_agent_0,rule_based_agent,1,285,3,3,0,0,33,20,255,4,285,0.12003231048583984,0.4212,1.956,0,0,0,1,1
526,551257,2,rule_based_agent_1,rule_based_agent,0,285,1,1,0,1,19,7,57,2,66,0.020853042602539062,0.316,0.7911,0,1,0,4,0
526,551257,3,rule_based_agent_2,rule_based_agent,0,285,2,2,0,1,23,7,51,4,62,0.019266843795776367,0.3108,0.8481,0,1,0,3,0
527,551258,0,benedict_task4,benedict_task4,0,400,3,3,0,0,46,19,123,1,163,0.0056819915771484375,0.0349,0.6154,0,1,1,2,0
527,551258,1,rule_based_agent_0,rule_based_agent,1,400,0,0,0,0,30,26,364,9,400,0.22306513786315918,0.5577,1.9431,0,0,0,4,0
527,551258,2,rule_based_agent_1,rule_based_agent,1,400,9,4,1,0,25,29,359,11,400,0.221235990524292,0.5531,2.0032,0,0,0,1,1
527,551258,3,rule_based_agent_2,rule_based_agent,0,400,2,2,0,1,21,8,65,2,75,0.017922401428222656,0.239,0.8581,0,1,0,3,0
528,551259,0,benedict_task4,benedict_task4,0,400,2,2,0,1,28,18,118,2,149,0.006259441375732422,0.042,0.2151,0,1,0,3,0
528,551259,1,rule_based_agent_0,rule_based_agent,1,400,3,3,0,0,39,25,370,5,400,0.25148653984069824,0.6287,2.0449,0,0,0,2,0
528,551259,2,rule_based_agent_1,rule_based_agent,1,400,8,3,1,0,39,28,369,3,400,0.24138927459716797,0.6035,1.9503,0,0,0,1,1
528,551259,3,rule_based_agent_2,rule_based_agent,0,400,1,1,0,1,16,6,37,7,50,0.011072635650634766,0.2215,0.5844,0,1,0,4,0
529,551260,0,benedict_task4,benedict_task4,0,272,3,3,0,1,32,29,215,3,268,0.02386617660522461,0.0891,0.5641,0,1,0,1,1
529,551260,1,rule_based_agent_0,rule_based_agent,1,272,1,1,0,0,24,21,243,2,272,0.104339599609375,0.3836,1.8549,0,0,0,4,0
529,551260,2,rule_based_agent_1,rule_based_agent,0,272,3,3,0,1,41,13,103,3,119,0.034331321716308594,0.2885,1.729,0,1,0,1,1
529,551260,3,rule_based_agent_2,rule_based_agent,0,272,2,2,0,1,29,22,205,9,236,0.09689688682556152,0.4106,1.7731,0,1,0,3,0
530,551261,0,benedict_task4,benedict_task4,0,173,3,3,0,1,29,12,82,1,103,0.004339456558227539,0.0421,0.2248,0,1,0,2,0
530,551261,1,rule_based_agent_0,rule_based_agent,1,173,1,1,0,0,39,14,154,1,173,0.08043241500854492,0.4649,1.9748,0,0,0,3,0
530,551261,2,rule_based_agent_1,rule_based_agent,0,173,4,4,0,1,25,9,103,2,114,0.03577089309692383,0.3138,1.1771,0,1,0,1,1
530,551261,3,rule_based_agent_2,rule_based_agent,0,173,1,1,0,1,25,7,57,3,67,0.023217201232910156,0.3465,0.7343,0,1,0,3,0
531,551262,0,benedict_task4,benedict_task4,1,400,2,2,0,0,30,45,326,3,400,0.0388033390045166,0.097,0.602,0,0,0,2,0
531,551262,1,rule_based_agent_0,rule_based_agent,0,400,2,2,0,1,22,9,75,2,86,0.022738218307495117,0.2644,0.7479,0,1,0,2,0
531,551262,2,rule_based_agent_1,rule_based_agent,0,400,3,3,0,1,37,32,264,18,315,0.14158868789672852,0.4495,2.0201,0,1,0,1,1
531,551262,3,rule_based_agent_2,rule_based_agent,1,400,2,2,0,0,39,37,348,11,400,0.20096540451049805,0.5024,1.9052,0,0,0,2,0
532,551263,0,benedict_task4,benedict_task4,1,400,2,2,0,0,28,44,320,7,400,0.0342559814453125,0.0856,0.5419,0,0,0,3,0
532,551263,1,rule_based_agent_0,rule_based_agent,1,400,7,2,1,0,39,33,350,9,400,0.19749069213867188,0.4937,2.0678,0,0,0,1,1
532,551263,2,rule_based_agent_1,rule_based_agent,0,400,1,1,0,1,24,6,55,5,66,0.019073009490966797,0.289,0.72,0,1,0,4,0
532,551263,3,rule_based_agent_2,rule_based_agent,0,400,4,4,0,1,37,20,199,11,230,0.12045431137084961,0.5237,2.1091,0,1,0,2,0
533,551264,0,benedict_task4,benedict_task4,0,400,3,3,0,1,24,15,116,2,143,0.0072019100189208984,0.0504,0.3812,0,1,0,1,1
533,551264,1,rule_based_agent_0,rule_based_agent,1,400,2,2,0,0,30,23,372,5,400,0.2532355785369873,0.6331,1.8709,0,0,0,3,0
533,551264,2,rule_based_agent_1,rule_based_agent,0,400,3,3,0,1,34,9,89,3,101,0.031865596771240234,0.3155,0.9749,0,1,0,1,1
533,551264,3,rule_based_agent_2,rule_based_agent,1,400,1,1,0,0,29,22,371,7,400,0.2589855194091797,0.6475,1.966,0,0,0,4,0
534,551265,0,benedict_task4,benedict_task4,1,400,3,3,0,0,38,45,324,5,400,0.038960933685302734,0.0974,0.6812,0,0,0,1,1
534,551265,1,rule_based_agent_0,rule_based_agent,0,400,1,1,0,1,28,30,249,17,296,0.15865087509155273,0.536,2.1639,0,1,0,4,0
534,551265,2,rule_based_agent_1,rule_based_agent,1,400,3,3,0,0,36,37,340,18,400,0.1967296600341797,0.4918,2.0359,0,0,0,1,1
534,551265,3,rule_based_agent_2,rule_based_agent,0,400,2,2,0,1,23,7,62,2,71,0.01658320426940918,0.2336,0.7019,0,1,0,3,0
535,551266,0,benedict_task4,benedict_task4,1,400,5,5,0,0,41,47,320,3,400,0.03265786170959473,0.0816,0.5591,0,0,0,1,1
535,551266,1,rule_based_agent_0,rule_based_agent,0,400,1,1,0,0,30,10,111,4,125,0.04470419883728027,0.3576,2.0969,0,1,1,4,0
535,551266,2,rule_based_agent_1,rule_based_agent,0,400,3,3,0,1,24,8,75,6,89,0.023303985595703125,0.2618,0.69,0,1,0,3,0
535,551266,3,rule_based_agent_2,rule_based_agent,1,400,5,0,1,0,23,31,343,15,400,0.19585752487182617,0.4896,2.09,0,0,0,1,1
536,551267,0,benedict_task4,benedict_task4,0,400,7,2,1,1,19,14,94,1,116,0.004446506500244141,0.0383,0.1829,0,1,0,1,1
536,551267,1,rule_based_agent_0,rule_based_agent,1,400,4,4,0,0,38,35,355,10,400,0.21925687789916992,0.5481,2.1462,0,0,0,2,0
536,551267,2,rule_based_agent_1,rule_based_agent,0,400,1,1,0,0,28,10,100,6,116,0.055184125900268555,0.4757,2.14,0,1,1,4,0
536,551267,3,rule_based_agent_2,rule_based_agent,1,400,2,2,0,0,38,37,350,13,400,0.21115732192993164,0.5279,2.2531,0,0,0,3,0
537,551268,0,benedict_task4,benedict_task4,1,400,4,4,0,0,37,42,321,7,400,0.04426312446594238,0.1107,0.8278,0,0,0,2,0
537,551268,1,rule_based_agent_0,rule_based_agent,0,400,0,0,0,1,38,32,306,18,356,0.18045496940612793,0.5069,1.9071,0,1,0,4,0
537,551268,2,rule_based_agent_1,rule_based_agent,1,400,9,4,1,0,28,31,363,5,400,0.2013852596282959,0.5035,1.9982,0,0,0,1,1
537,551268,3,rule_based_agent_2,rule_based_agent,0,400,1,1,0,1,20,8,69,3,80,0.018094778060913086,0.2262,0.699,0,1,0,3,0
538,551269,0,benedict_task4,benedict_task4,0,320,7,2,1,1,31,34,255,5,316,0.030622243881225586,0.0969,0.5651,0,1,0,1,1
538,551269,1,rule_based_agent_0,rule_based_agent,0,320,3,3,0,1,13,20,209,11,242,0.09664273262023926,0.3994,1.843,0,1,0,3,0
538,551269,2,rule_based_agent_1,rule_based_agent,0,320,0,0,0,1,30,13,153,5,171,0.06496858596801758,0.3799,1.8408,0,1,0,4,0
538,551269,3,rule_based_agent_2,rule_based_agent,1,320,4,4,0,0,41,26,277,9,320,0.14350104331970215,0.4484,1.9319,0,0,0,2,0
539,551270,0,benedict_task4,benedict_task4,0,276,4,4,0,1,54,30,213,2,272,0.010582923889160156,0.0389,0.6402,0,1,0,1,1
539,551270,1,rule_based_agent_0,rule_based_agent,0,276,0,0,0,1,19,6,39,3,48,0.014497995376586914,0.302,0.7758,0,1,0,4,0
539,551270,2,rule_based_agent_1,rule_based_agent,1,276,2,2,0,0,41,16,251,4,276,0.10268783569335938,0.3721,1.915,0,0,0,3,0
539,551270,3,rule_based_agent_2,rule_based_agent,0,276,3,3,0,1,16,7,86,4,97,0.027529478073120117,0.2838,0.962,0,1,0,2,0
540,551271,0,benedict_task4,benedict_task4,0,400,3,3,0,1,30,15,101,2,128,0.005329132080078125,0.0416,0.1979,0,1,0,2,0
540,551271,1,rule_based_agent_0,rule_based_agent,1,400,4,4,0,0,55,25,368,6,400,0.23714590072631836,0.5929,1.9381,0,0,0,1,1
540,551271,2,rule_based_agent_1,rule_based_agent,1,400,1,1,0,0,23,20,375,5,400,0.23099994659423828,0.5775,1.9591,0,0,0,3,0
540,551271,3,rule_based_agent_2,rule_based_agent,0,400,1,1,0,1,20,8,75,2,85,0.026252031326293945,0.3088,1.0991,0,1,0,3,0
541,551272,0,benedict_task4,benedict_task4,1,400,5,5,0,0,49,49,285,37,400,0.030644893646240234,0.0766,0.4241,0,0,0,1,1
541,551272,1,rule_based_agent_0,rule_based_agent,0,400,3,3,0,1,26,10,115,2,127,0.045709848403930664,0.3599,1.7684,0,1,0,2,0
541,551272,2,rule_based_agent_1,rule_based_agent,0,400,1,1,0,1,26,8,62,3,73,0.020386457443237305,0.2793,0.7422,0,1,0,3,0
541,551272,3,rule_based_agent_2,rule_based_agent,0,400,0,0,0,1,22,7,51,4,62,0.01577305793762207,0.2544,0.849,0,1,0,4,0
542,551273,0,benedict_task4,benedict_task4,0,240,4,4,0,1,43,19,142,0,178,0.006533622741699219,0.0367,0.2658,0,1,0,1,1
542,551273,1,rule_based_agent_0,rule_based_agent,0,240,0,0,0,1,28,8,67,5,80,0.021265506744384766,0.2658,0.9491,0,1,0,4,0
542,551273,2,rule_based_agent_1,rule_based_agent,0,240,1,1,0,1,20,7,65,2,74,0.02158808708190918,0.2917,0.69,0,1,0,3,0
542,551273,3,rule_based_agent_2,rule_based_agent,1,240,4,4,0,0,39,17,218,1,240,0.12389445304870605,0.5162,2.1892,0,0,0,1,1
543,551274,0,benedict_task4,benedict_task4,0,316,1,1,0,1,22,9,56,1,69,0.002132415771484375,0.0309,0.0789,0,1,0,3,0
543,551274,1,rule_based_agent_0,rule_based_agent,1,316,5,5,0,0,41,25,282,5,316,0.16569304466247559,0.5243,2.136,0,0,0,1,1
543,551274,2,rule_based_agent_1,rule_based_agent,0,316,1,1,0,1,30,12,99,3,114,0.03032827377319336,0.266,1.0929,0,1,0,3,0
543,551274,3,rule_based_agent_2,rule_based_agent,0,316,2,2,0,1,32,20,221,6,247,0.11626839637756348,0.4707,2.126,0,1,0,2,0
544,551275,0,benedict_task4,benedict_task4,0,400,5,5,0,1,26,9,69,2,90,0.0030355453491210938,0.0337,0.113,0,1,0,1,1
544,551275,1,rule_based_agent_0,rule_based_agent,1,400,3,3,0,0,24,41,346,13,400,0.18765854835510254,0.4691,2.1529,0,0,0,2,0
544,551275,2,rule_based_agent_1,rule_based_agent,0,400,1,1,0,1,38,11,114,2,127,0.0427861213684082,0.3369,1.847,0,1,0,3,0
544,551275,3,rule_based_agent_2,rule_based_agent,1,400,0,0,0,0,37,42,345,13,400,0.19045782089233398,0.4761,1.996,0,0,0,4,0
545,551276,0,benedict_task4,benedict_task4,1,400,5,0,1,0,38,52,265,48,400,0.04455876350402832,0.1114,0.5043,0,0,0,1,1
545,551276,1,rule_based_agent_0,rule_based_agent,0,400,3,3,0,0,30,10,87,3,100,0.04318523406982422,0.4319,2.111,0,1,1,3,0
545,551276,2,rule_based_agent_1,rule_based_agent,0,400,2,2,0,1,33,17,176,5,200,0.09539914131164551,0.477,2.142,0,1,0,4,0
545,551276,3,rule_based_agent_2,rule_based_agent,0,400,4,4,0,1,30,8,73,3,84,0.027263402938842773,0.3246,1.838,0,1,0,2,0
546,551277,0,benedict_task4,benedict_task4,0,400,6,1,1,1,38,18,122,3,165,0.00652003288269043,0.0395,0.1361,0,1,0,1,1
546,551277,1,rule_based_agent_0,rule_based_agent,1,400,3,3,0,0,38,28,367,5,400,0.2248218059539795,0.5621,2.0599,0,0,0,2,0
546,551277,2,rule_based_agent_1,rule_based_agent,0,400,2,2,0,0,28,8,84,1,93,0.02719259262084961,0.2924,1.1239,0,1,1,4,0
546,551277,3,rule_based_agent_2,rule_based_agent,1,400,3,3,0,0,28,29,360,11,400,0.23797845840454102,0.5949,2.223,0,0,0,2,0
547,551278,0,benedict_task4,benedict_task4,0,400,0,0,0,1,43,21,148,2,186,0.011615514755249023,0.0624,0.5391,0,1,0,4,0
547,551278,1,rule_based_agent_0,rule_based_agent,0,400,2,2,0,1,29,12,107,9,128,0.04072141647338867,0.3181,1.9913,0,1,0,3,0
547,551278,2,rule_based_agent_1,rule_based_agent,1,400,3,3,0,0,31,17,380,3,400,0.2797081470489502,0.6993,1.9519,0,0,0,2,0
547,551278,3,rule_based_agent_2,rule_based_agent,1,400,4,4,0,0,18,15,379,6,400,0.27922487258911133,0.6981,1.8599,0,0,0,1,1
548,551279,0,benedict_task4,benedict_task4,1,400,2,2,0,0,31,49,315,13,400,0.043244361877441406,0.1081,0.5741,0,0,0,3,0
548,551279,1,rule_based_agent_0,rule_based_agent,0,400,1,1,0,1,26,9,97,5,111,0.04200291633605957,0.3784,1.8921,0,1,0,4,0
548,551279,2,rule_based_agent_1,rule_based_agent,0,400,3,3,0,1,21,27,325,9,367,0.18442654609680176,0.5025,1.982,0,1,0,1,1
548,551279,3,rule_based_agent_2,rule_based_agent,0,400,3,3,0,1,41,21,207,8,237,0.1126103401184082,0.4751,1.9281,0,1,0,1,1
549,551280,0,benedict_task4,benedict_task4,1,400,5,5,0,0,38,43,325,7,400,0.041040658950805664,0.1026,0.5381,0,0,0,2,0
549,551280,1,rule_based_agent_0,rule_based_agent,0,400,2,2,0,1,34,26,241,16,283,0.13212203979492188,0.4669,2.1482,0,1,0,3,0
549,551280,2,rule_based_agent_1,rule_based_agent,1,400,7,2,1,0,30,34,348,11,400,0.21509885787963867,0.5377,2.2511,0,0,0,1,1
549,551280,3,rule_based_agent_2,rule_based_agent,0,400,0,0,0,1,16,6,48,2,56,0.016234874725341797,0.2899,1.097,0,1,0,4,0
550,551281,0,benedict_task4,benedict_task4,1,400,6,6,0,0,41,47,314,9,400,0.04294395446777344,0.1074,0.5319,0,0,0,1,1
550,551281,1,rule_based_agent_0,rule_based_agent,0,400,1,1,0,1,28,11,79,5,95,0.02531290054321289,0.2665,1.3089,0,1,0,3,0
550,551281,2,rule_based_agent_1,rule_based_agent,0,400,0,0,0,1,21,8,78,3,89,0.03294539451599121,0.3702,1.7228,0,1,0,4,0
550,551281,3,rule_based_agent_2,rule_based_agent,1,400,2,2,0,0,33,25,360,7,400,0.2204723358154297,0.5512,2.274,0,0,0,2,0
551,551282,0,benedict_task4,benedict_task4,0,231,1,1,0,1,36,17,106,2,144,0.005776405334472656,0.0401,0.211,0,1,0,3,0
551,551282,1,rule_based_agent_0,rule_based_agent,0,231,3,3,0,1,23,9,82,4,95,0.024723529815673828,0.2602,1.0312,0,1,0,2,0
551,551282,2,rule_based_agent_1,rule_based_agent,1,231,5,5,0,0,46,19,206,2,231,0.1029362678527832,0.4456,1.8921,0,0,0,1,1
551,551282,3,rule_based_agent_2,rule_based_agent,0,231,0,0,0,1,21,7,58,1,66,0.01851797103881836,0.2806,1.0481,0,1,0,4,0
552,551283,0,benedict_task4,benedict_task4,0,230,0,0,0,1,22,10,52,3,74,0.0028858184814453125,0.039,0.1471,0,1,0,4,0
552,551283,1,rule_based_agent_0,rule_based_agent,1,230,2,2,0,0,48,21,202,3,230,0.09605932235717773,0.4176,1.9259,0,0,0,2,0
552,551283,2,rule_based_agent_1,rule_based_agent,0,230,1,1,0,1,26,8,57,2,67,0.014939308166503906,0.223,0.6101,0,1,0,3,0
552,551283,3,rule_based_agent_2,rule_based_agent,0,230,6,6,0,1,28,13,107,7,127,0.04286837577819824,0.3375,1.2369,0,1,0,1,1
553,551284,0,benedict_task4,benedict_task4,0,361,10,5,1,1,36,36,289,3,357,0.03951311111450195,0.1107,0.5629,0,1,0,1,1
553,551284,1,rule_based_agent_0,rule_based_agent,1,361,8,3,1,0,40,31,309,13,361,0.187363862991333,0.519,1.991,0,0,0,2,0
553,551284,2,rule_based_agent_1,rule_based_agent,0,361,0,0,0,0,17,5,33,2,40,0.009569406509399414,0.2392,0.6342,0,1,1,4,0
553,551284,3,rule_based_agent_2,rule_based_agent,0,361,1,1,0,1,36,25,255,20,301,0.14899969100952148,0.495,2.059,0,1,0,3,0
554,551285,0,benedict_task4,benedict_task4,1,400,1,1,0,0,35,46,311,9,400,0.038718461990356445,0.0968,0.5491,0,0,0,3,0
554,551285,1,rule_based_agent_0,rule_based_agent,1,400,10,5,1,0,27,30,350,9,400,0.2137775421142578,0.5344,1.8399,0,0,0,1,1
554,551285,2,rule_based_agent_1,rule_based_agent,0,400,0,0,0,1,29,10,73,4,87,0.03061985969543457,0.352,2.0602,0,1,0,4,0
554,551285,3,rule_based_agent_2,rule_based_agent,0,400,3,3,0,1,28,15,162,8,185,0.08560013771057129,0.4627,2.094,0,1,0,2,0
555,551286,0,benedict_task4,benedict_task4,0,400,0,0,0,1,27,20,128,2,166,0.00798654556274414,0.0481,0.1967,0,1,0,4,0
555,551286,1,rule_based_agent_0,rule_based_agent,1,400,1,1,0,0,27,25,363,11,400,0.2334146499633789,0.5835,2.0452,0,0,0,3,0
555,551286,2,rule_based_agent_1,rule_based_agent,1,400,11,6,1,0,26,20,370,7,400,0.24614500999450684,0.6154,2.223,0,0,0,1,1
555,551286,3,rule_based_agent_2,rule_based_agent,0,400,2,2,0,0,45,18,160,5,183,0.06742429733276367,0.3684,2.0111,0,1,1,2,0
556,551287,0,benedict_task4,benedict_task4,0,247,4,4,0,1,36,21,156,1,196,0.007967233657836914,0.0406,0.2618,0,1,0,1,1
556,551287,1,rule_based_agent_0,rule_based_agent,0,247,0,0,0,1,36,24,211,7,243,0.10365748405456543,0.4266,1.9078,0,1,0,4,0
556,551287,2,rule_based_agent_1,rule_based_agent,1,247,1,1,0,0,26,22,217,4,247,0.12063360214233398,0.4884,2.0552,0,0,0,3,0
556,551287,3,rule_based_agent_2,rule_based_agent,0,247,4,4,0,1,14,5,39,2,46,0.01203775405883789,0.2617,0.6018,0,1,0,1,1
557,551288,0,benedict_task4,benedict_task4,0,257,1,1,0,1,49,28,196,2,253,0.00910043716430664,0.036,0.2289,0,1,0,2,0
557,551288,1,rule_based_agent_0,rule_based_agent,0,257,0,0,0,1,16,7,55,3,65,0.01750636100769043,0.2693,1.003,0,1,0,3,0
557,551288,2,rule_based_agent_1,rule_based_agent,1,257,8,8,0,0,43,16,237,0,257,0.09259319305419922,0.3603,1.9288,0,0,0,1,1
557,551288,3,rule_based_agent_2,rule_based_agent,0,257,0,0,0,1,20,7,49,5,61,0.015797138214111328,0.259,1.915,0,1,0,3,0
558,551289,0,benedict_task4,benedict_task4,0,349,4,4,0,1,35,40,272,8,341,0.031884193420410156,0.0935,0.5543,0,1,0,1,1
558,551289,1,rule_based_agent_0,rule_based_agent,1,349,3,3,0,0,46,29,301,6,349,0.1510179042816162,0.4327,1.8108,0,0,0,2,0
558,551289,2,rule_based_agent_1,rule_based_agent,0,349,1,1,0,1,20,10,99,4,113,0.03737306594848633,0.3307,1.466,0,1,0,3,0
558,551289,3,rule_based_agent_2,rule_based_agent,0,349,1,1,0,1,15,7,59,3,69,0.019530296325683594,0.283,0.9217,0,1,0,3,0
559,551290,0,benedict_task4,benedict_task4,0,337,3,3,0,1,46,36,258,5,317,0.010684967041015625,0.0337,0.1149,0,1,0,2,0
559,551290,1,rule_based_agent_0,rule_based_agent,0,337,1,1,0,1,23,10,76,4,90,0.026670455932617188,0.2963,1.6661,0,1,0,4,0
559,551290,2,rule_based_agent_1,rule_based_agent,1,337,2,2,0,0,31,23,306,4,337,0.19133234024047852,0.5678,2.1701,0,0,0,3,0
559,551290,3,rule_based_agent_2,rule_based_agent,0,337,8,3,1,1,25,10,85,4,99,0.028855085372924805,0.2915,1.261,0,1,0,1,1
560,551291,0,benedict_task4,benedict_task4,0,258,2,2,0,1,33,13,70,2,98,0.0028090476989746094,0.0287,0.0849,0,1,0,2,0
560,551291,1,rule_based_agent_0,rule_based_agent,0,258,2,2,0,1,17,8,89,3,100,0.03102731704711914,0.3103,1.591,0,1,0,2,0
560,551291,2,rule_based_agent_1,rule_based_agent,1,258,3,3,0,0,37,20,232,2,258,0.16866850852966309,0.6538,2.26,0,0,0,1,1
560,551291,3,rule_based_agent_2,rule_based_agent,0,258,2,2,0,1,43,14,147,3,164,0.06278491020202637,0.3828,2.0564,0,1,0,2,0
561,551292,0,benedict_task4,benedict_task4,1,400,3,3,0,0,30,52,270,52,400,0.04431915283203125,0.1108,0.4292,0,0,0,2,0
561,551292,1,rule_based_agent_0,rule_based_agent,0,400,2,2,0,1,28,13,129,4,146,0.05623269081115723,0.3852,2.0628,0,1,0,3,0
561,551292,2,rule_based_agent_1,rule_based_agent,0,400,1,1,0,1,32,11,83,5,99,0.034784555435180664,0.3514,2.0962,0,1,0,4,0
561,551292,3,rule_based_agent_2,rule_based_agent,0,400,8,3,1,1,34,13,137,11,161,0.06322240829467773,0.3927,2.0387,0,1,0,1,1
562,551293,0,benedict_task4,benedict_task4,1,400,3,3,0,0,31,46,318,4,400,0.03864574432373047,0.0966,0.5019,0,0,0,2,0
562,551293,1,rule_based_agent_0,rule_based_agent,0,400,1,1,0,1,24,7,60,4,71,0.01456141471862793,0.2051,0.3741,0,1,0,3,0
562,551293,2,rule_based_agent_1,rule_based_agent,0,400,4,4,0,1,40,10,75,3,88,0.01987004280090332,0.2258,0.6342,0,1,0,1,1
562,551293,3,rule_based_agent_2,rule_based_agent,1,400,1,1,0,0,35,28,349,9,400,0.21962189674377441,0.5491,1.971,0,0,0,3,0
563,551294,0,benedict_task4,benedict_task4,0,400,2,2,0,1,24,15,115,1,137,0.008247137069702148,0.0602,1.25,0,1,0,2,0
563,551294,1,rule_based_agent_0,rule_based_agent,0,400,2,2,0,1,34,10,89,1,100,0.033924102783203125,0.3392,1.071,0,1,0,2,0
563,551294,2,rule_based_agent_1,rule_based_agent,1,400,9,4,1,0,35,37,343,20,400,0.19765615463256836,0.4941,2.033,0,0,0,1,1
563,551294,3,rule_based_agent_2,rule_based_agent,1,400,1,1,0,0,34,37,349,14,400,0.21154189109802246,0.5289,2.2027,0,0,0,4,0
564,551295,0,benedict_task4,benedict_task4,1,400,8,3,1,0,36,47,317,9,400,0.03508591651916504,0.0877,0.5581,0,0,0,1,1
564,551295,1,rule_based_agent_0,rule_based_agent,0,400,1,1,0,1,30,10,73,4,87,0.022606849670410156,0.2598,0.6778,0,1,0,4,0
564,551295,2,rule_based_agent_1,rule_based_agent,1,400,2,2,0,0,30,30,354,8,400,0.18145346641540527,0.4536,1.8218,0,0,0,3,0
564,551295,3,rule_based_agent_2,rule_based_agent,0,400,3,3,0,0,23,7,56,4,67,0.017125844955444336,0.2556,0.5698,0,1,1,2,0
565,551296,0,benedict_task4,benedict_task4,1,400,7,2,1,0,37,48,315,11,400,0.03876376152038574,0.0969,0.5958,0,0,0,1,1
565,551296,1,rule_based_agent_0,rule_based_agent,0,400,5,5,0,1,32,24,237,10,271,0.12474370002746582,0.4603,1.785,0,1,0,2,0
565,551296,2,rule_based_agent_1,rule_based_agent,1,400,1,1,0,0,27,30,356,9,400,0.20065784454345703,0.5016,1.9479,0,0,0,3,0
565,551296,3,rule_based_agent_2,rule_based_agent,0,400,1,1,0,1,25,13,111,6,130,0.05058860778808594,0.3891,1.7362,0,1,0,3,0
566,551297,0,benedict_task4,benedict_task4,1,400,2,2,0,0,37,48,315,5,400,0.03609132766723633,0.0902,0.5069,0,0,0,3,0
566,551297,1,rule_based_agent_0,rule_based_agent,0,400,0,0,0,1,35,10,75,2,87,0.022833824157714844,0.2625,0.8421,0,1,0,4,0
566,551297,2,rule_based_agent_1,rule_based_agent,0,400,4,4,0,1,19,8,55,5,68,0.017264366149902344,0.2539,1.574,0,1,0,1,1
566,551297,3,rule_based_agent_2,rule_based_agent,1,400,3,3,0,0,34,29,356,8,400,0.1835627555847168,0.4589,1.9269,0,0,0,2,0
567,551298,0,benedict_task4,benedict_task4,0,400,1,1,0,1,19,8,44,1,58,0.0021047592163085938,0.0363,0.0992,0,1,0,3,0
567,551298,1,rule_based_agent_0,rule_based_agent,1,400,8,3,1,0,36,23,370,7,400,0.25313854217529297,0.6328,2.104,0,0,0,1,1
567,551298,2,rule_based_agent_1,rule_based_agent,1,400,1,1,0,0,28,23,371,6,400,0.2678067684173584,0.6695,2.2831,0,0,0,3,0
567,551298,3,rule_based_agent_2,rule_based_agent,0,400,4,4,0,1,39,18,145,7,170,0.0604245662689209,0.3554,2.2249,0,1,0,2,0
568,551299,0,benedict_task4,benedict_task4,0,344,5,5,0,1,33,39,264,5,340,0.031009912490844727,0.0912,0.5271,0,1,0,1,1
568,551299,1,rule_based_agent_0,rule_based_agent,0,344,2,2,0,1,21,8,77,3,88,0.04018402099609375,0.4566,1.7653,0,1,0,2,0
568,551299,2,rule_based_agent_1,rule_based_agent,1,344,2,2,0,0,39,27,301,6,344,0.18844842910766602,0.5478,2.3241,0,0,0,2,0
568,551299,3,rule_based_agent_2,rule_based_agent,0,344,0,0,0,1,32,9,57,4,70,0.016528606414794922,0.2361,0.8621,0,1,0,4,0
569,551300,0,benedict_task4,benedict_task4,1,400,9,4,1,0,41,46,294,37,400,0.03624129295349121,0.0906,0.531,0,0,0,1,1
569,551300,1,rule_based_agent_0,rule_based_agent,0,400,4,4,0,0,34,14,185,1,200,0.09343719482421875,0.4672,2.0969,0,1,1,2,0
569,551300,2,rule_based_agent_1,rule_based_agent,0,400,1,1,0,1,29,11,111,4,126,0.028697967529296875,0.2278,0.668,0,1,0,3,0
569,551300,3,rule_based_agent_2,rule_based_agent,0,400,0,0,0,1,21,8,76,2,86,0.020107269287109375,0.2338,0.5631,0,1,0,4,0
570,551301,0,benedict_task4,benedict_task4,0,400,2,2,0,0,29,7,49,0,68,0.002503633499145508,0.0368,0.1132,0,1,1,3,0
570,551301,1,rule_based_agent_0,rule_based_agent,0,400,9,4,1,1,30,19,217,9,245,0.09927701950073242,0.4052,1.9641,0,1,0,1,1
570,551301,2,rule_based_agent_1,rule_based_agent,1,400,0,0,0,0,36,39,350,11,400,0.18215680122375488,0.4554,2.0089,0,0,0,4,0
570,551301,3,rule_based_agent_2,rule_based_agent,1,400,3,3,0,0,20,37,351,12,400,0.16916584968566895,0.4229,1.8909,0,0,0,2,0
571,551302,0,benedict_task4,benedict_task4,0,266,8,3,1,1,37,30,209,4,262,0.020012378692626953,0.0764,0.5221,0,1,0,1,1
571,551302,1,rule_based_agent_0,rule_based_agent,0,266,1,1,0,1,27,9,81,5,95,0.02864551544189453,0.3015,0.675,0,1,0,4,0
571,551302,2,rule_based_agent_1,rule_based_agent,0,266,3,3,0,1,29,20,196,4,220,0.10101008415222168,0.4591,1.9259,0,1,0,2,0
571,551302,3,rule_based_agent_2,rule_based_agent,1,266,2,2,0,0,32,24,227,9,266,0.1093437671661377,0.4111,1.8089,0,0,0,3,0
572,551303,0,benedict_task4,benedict_task4,0,392,2,2,0,1,23,8,51,2,65,0.002085447311401367,0.0321,0.0732,0,1,0,2,0
572,551303,1,rule_based_agent_0,rule_based_agent,0,392,5,5,0,1,34,31,344,9,384,0.14657306671142578,0.3817,2.0311,0,1,0,1,1
572,551303,2,rule_based_agent_1,rule_based_agent,0,392,1,1,0,1,31,11,99,4,114,0.035764455795288086,0.3137,0.9987,0,1,0,3,0
572,551303,3,rule_based_agent_2,rule_based_agent,1,392,1,1,0,0,37,33,337,16,392,0.1836094856262207,0.4684,1.9951,0,0,0,3,0
573,551304,0,benedict_task4,benedict_task4,0,400,9,4,1,1,40,47,318,7,399,0.037734031677246094,0.0946,0.5419,0,1,0,1,1
573,551304,1,rule_based_agent_0,rule_based_agent,0,400,1,1,0,1,29,28,269,13,310,0.14197230339050293,0.458,1.9298,0,1,0,3,0
573,551304,2,rule_based_agent_1,rule_based_agent,0,400,1,1,0,1,26,17,166,9,192,0.08529996871948242,0.4443,2.1229,0,1,0,3,0
573,551304,3,rule_based_agent_2,rule_based_agent,1,400,3,3,0,0,22,33,356,6,400,0.1678783893585205,0.4197,1.9031,0,0,0,2,0
574,551305,0,benedict_task4,benedict_task4,1,400,7,2,1,0,45,46,313,10,400,0.04978179931640625,0.1245,0.5779,0,0,0,1,1
574,551305,1,rule_based_agent_0,rule_based_agent,0,400,3,3,0,0,24,26,226,8,260,0.13926982879638672,0.5357,2.0499,0,1,1,2,0
574,551305,2,rule_based_agent_1,rule_based_agent,0,400,3,3,0,1,25,24,262,8,295,0.15592718124389648,0.5286,1.8981,0,1,0,2,0
574,551305,3,rule_based_agent_2,rule_based_agent,1,400,1,1,0,0,42,35,348,10,400,0.22296905517578125,0.5574,2.1598,0,0,0,4,0
575,551306,0,benedict_task4,benedict_task4,0,400,3,3,0,1,41,22,153,1,195,0.007664918899536133,0.0393,0.5069,0,1,0,1,1
575,551306,1,rule_based_agent_0,rule_based_agent,1,400,3,3,0,0,36,23,372,4,400,0.27435755729675293,0.6859,1.9078,0,0,0,1,1
575,551306,2,rule_based_agent_1,rule_based_agent,0,400,1,1,0,1,26,10,93,1,104,0.036661386489868164,0.3525,1.3182,0,1,0,4,0
575,551306,3,rule_based_agent_2,rule_based_agent,1,400,2,2,0,0,24,24,367,9,400,0.2544839382171631,0.6362,1.812,0,0,0,3,0
576,551307,0,benedict_task4,benedict_task4,0,400,1,1,0,1,31,13,79,0,104,0.0037751197814941406,0.0363,0.1199,0,1,0,3,0
576,551307,1,rule_based_agent_0,rule_based_agent,1,400,4,4,0,0,25,39,354,7,400,0.19235825538635254,0.4809,2.1751,0,0,0,1,1
576,551307,2,rule_based_agent_1,rule_based_agent,1,400,1,1,0,0,40,41,349,10,400,0.18095993995666504,0.4524,2.1477,0,0,0,3,0
576,551307,3,rule_based_agent_2,rule_based_agent,0,400,3,3,0,1,27,8,77,3,88,0.02410101890563965,0.2739,0.8078,0,1,0,2,0
577,551308,0,benedict_task4,benedict_task4,1,400,10,5,1,0,21,46,318,5,400,0.03891730308532715,0.0973,0.5469,0,0,0,1,1
577,551308,1,rule_based_agent_0,rule_based_agent,0,400,2,2,0,1,33,19,149,8,176,0.0738534927368164,0.4196,2.2349,0,1,0,2,0
577,551308,2,rule_based_agent_1,rule_based_agent,0,400,0,0,0,1,22,7,61,4,72,0.01607036590576172,0.2232,1.06,0,1,0,4,0
577,551308,3,rule_based_agent_2,rule_based_agent,1,400,2,2,0,0,35,35,340,16,400,0.1780557632446289,0.4451,2.0828,0,0,0,2,0
578,551309,0,benedict_task4,benedict_task4,0,400,5,5,0,1,35,15,121,3,154,0.005842447280883789,0.0379,0.1261,0,1,0,1,1
578,551309,1,rule_based_agent_0,rule_based_agent,1,400,3,3,0,0,37,18,380,2,400,0.2504301071166992,0.6261,1.8022,0,0,0,2,0
578,551309,2,rule_based_agent_1,rule_based_agent,1,400,0,0,0,0,31,20,375,5,400,0.27681922912597656,0.692,2.6472,0,0,0,4,0
578,551309,3,rule_based_agent_2,rule_based_agent,0,400,1,1,0,1,23,15,137,2,154,0.0561518669128418,0.3646,2.5339,0,1,0,3,0
579,551310,0,benedict_task4,benedict_task4,0,400,0,0,0,1,22,9,53,2,77,0.003992795944213867,0.0519,0.268,0,1,0,4,0
579,551310,1,rule_based_agent_0,rule_based_agent,1,400,8,3,1,0,27,32,357,11,400,0.1914355754852295,0.4786,1.9898,0,0,0,1,1
579,551310,2,rule_based_agent_1,rule_based_agent,1,400,3,3,0,0,41,31,362,7,400,0.20913004875183105,0.5228,2.064,0,0,0,2,0
579,551310,3,rule_based_agent_2,rule_based_agent,0,400,3,3,0,0,33,34,349,10,393,0.23757147789001465,0.6045,2.0719,0,1,1,2,0
580,551311,0,benedict_task4,benedict_task4,1,400,8,3,1,0,25,42,332,5,400,0.045282602310180664,0.1132,0.711,0,0,0,1,1
580,551311,1,rule_based_agent_0,rule_based_agent,0,400,2,2,0,0,29,18,220,3,241,0.10596823692321777,0.4397,1.8871,0,1,1,3,0
580,551311,2,rule_based_agent_1,rule_based_agent,1,400,3,3,0,0,44,37,340,14,400,0.19440770149230957,0.486,1.7731,0,0,0,2,0
580,551311,3,rule_based_agent_2,rule_based_agent,0,400,1,1,0,1,20,7,51,3,61,0.012531042098999023,0.2054,0.443,0,1,0,4,0
581,551312,0,benedict_task4,benedict_task4,1,400,3,3,0,0,34,46,316,9,400,0.03421497344970703,0.0855,0.5991,0,0,0,1,1
581,551312,1,rule_based_agent_0,rule_based_agent,1,400,3,3,0,0,38,31,353,9,400,0.22803378105163574,0.5701,2.104,0,0,0,1,1
581,551312,2,rule_based_agent_1,rule_based_agent,0,400,2,2,0,1,24,6,51,3,60,0.016340970993041992,0.2723,0.7102,0,1,0,3,0
581,551312,3,rule_based_agent_2,rule_based_agent,0,400,1,1,0,1,19,8,63,7,78,0.01763749122619629,0.2261,0.695,0,1,0,4,0
582,551313,0,benedict_task4,benedict_task4,1,400,5,5,0,0,43,45,324,9,400,0.04047274589538574,0.1012,0.5298,0,0,0,2,0
582,551313,1,rule_based_agent_0,rule_based_agent,0,400,1,1,0,0,15,6,36,2,44,0.012652397155761719,0.2876,0.6578,0,1,1,3,0
582,551313,2,rule_based_agent_1,rule_based_agent,1,400,8,3,1,0,32,36,345,15,400,0.1931896209716797,0.483,2.1577,0,0,0,1,1
582,551313,3,rule_based_agent_2,rule_based_agent,0,400,0,0,0,1,26,27,257,12,296,0.13652753829956055,0.4612,1.8899,0,1,0,4,0
583,551314,0,benedict_task4,benedict_task4,0,235,2,2,0,1,36,21,141,0,178,0.006140947341918945,0.0345,0.1409,0,1,0,2,0
583,551314,1,rule_based_agent_0,rule_based_agent,0,235,2,2,0,0,26,8,70,2,80,0.021858692169189453,0.2732,0.9627,0,1,1,2,0
583,551314,2,rule_based_agent_1,rule_based_agent,0,235,1,1,0,1,22,10,107,4,121,0.04334735870361328,0.3582,1.1668,0,1,0,4,0
583,551314,3,rule_based_agent_2,rule_based_agent,1,235,9,4,1,0,37,20,208,3,235,0.1325974464416504,0.5642,1.992,0,0,0,1,1
584,551315,0,benedict_task4,benedict_task4,0,244,3,3,0,1,36,27,191,1,240,0.009861230850219727,0.0411,0.2658,0,1,0,1,1
584,551315,1,rule_based_agent_0,rule_based_agent,0,244,3,3,0,1,23,10,93,5,108,0.03690624237060547,0.3417,1.0011,0,1,0,1,1
584,551315,2,rule_based_agent_1,rule_based_agent,0,244,0,0,0,1,28,9,77,7,93,0.027467012405395508,0.2953,0.7582,0,1,0,4,0
584,551315,3,rule_based_agent_2,rule_based_agent,1,244,3,3,0,0,36,15,221,2,244,0.10646200180053711,0.4363,1.95,0,0,0,1,1
585,551316,0,benedict_task4,benedict_task4,0,400,1,1,0,0,35,13,65,1,92,0.003082275390625,0.0335,0.0961,0,1,1,3,0
585,551316,1,rule_based_agent_0,rule_based_agent,0,400,1,1,0,1,28,9,68,2,79,0.025301218032836914,0.3203,0.9358,0,1,0,3,0
585,551316,2,rule_based_agent_1,rule_based_agent,1,400,9,4,1,0,36,29,362,9,400,0.20987844467163086,0.5247,1.673,0,0,0,1,1
585,551316,3,rule_based_agent_2,rule_based_agent,1,400,3,3,0,0,26,27,361,12,400,0.19222426414489746,0.4806,1.9794,0,0,0,2,0
586,551317,0,benedict_task4,benedict_task4,0,400,0,0,0,1,25,13,78,4,106,0.004172563552856445,0.0394,0.1981,0,1,0,4,0
586,551317,1,rule_based_agent_0,rule_based_agent,1,400,11,1,2,0,29,31,348,21,400,0.19362425804138184,0.4841,2.09,0,0,0,1,1
586,551317,2,rule_based_agent_1,rule_based_agent,1,400,4,4,0,0,28,33,353,14,400,0.19648075103759766,0.4912,2.2852,0,0,0,2,0
586,551317,3,rule_based_agent_2,rule_based_agent,0,400,3,3,0,1,32,33,342,16,391,0.14926981925964355,0.3818,2.084,0,1,0,3,0
587,551318,0,benedict_task4,benedict_task4,0,339,7,2,1,1,25,10,60,2,83,0.0031943321228027344,0.0385,0.1419,0,1,0,1,1
587,551318,1,rule_based_agent_0,rule_based_agent,0,339,4,4,0,1,42,16,169,5,190,0.07278060913085938,0.3831,2.3081,0,1,0,2,0
587,551318,2,rule_based_agent_1,rule_based_agent,0,339,1,1,0,1,16,7,71,5,83,0.020123004913330078,0.2424,0.706,0,1,0,4,0
587,551318,3,rule_based_agent_2,rule_based_agent,1,339,2,2,0,0,45,27,304,4,339,0.23621392250061035,0.6968,2.2862,0,0,0,3,0
588,551319,0,benedict_task4,benedict_task4,1,400,5,5,0,0,54,48,294,31,400,0.03138542175292969,0.0785,0.4141,0,0,0,1,1
588,551319,1,rule_based_agent_0,rule_based_agent,0,400,5,0,1,1,18,9,79,6,94,0.026488065719604492,0.2818,0.7732,0,1,0,1,1
588,551319,2,rule_based_agent_1,rule_based_agent,0,400,2,2,0,1,24,9,61,6,76,0.017652034759521484,0.2323,0.8309,0,1,0,3,0
588,551319,3,rule_based_agent_2,rule_based_agent,0,400,2,2,0,1,27,9,81,2,92,0.022809505462646484,0.2479,1.0478,0,1,0,3,0
589,551320,0,benedict_task4,benedict_task4,0,400,0,0,0,0,17,12,62,5,88,0.002684354782104492,0.0305,0.0699,0,1,1,4,0
589,551320,1,rule_based_agent_0,rule_based_agent,1,400,4,4,0,0,43,33,350,17,400,0.17096638679504395,0.4274,1.8549,0,0,0,3,0
589,551320,2,rule_based_agent_1,rule_based_agent,0,400,9,4,1,1,29,22,221,15,258,0.08306622505187988,0.322,1.785,0,1,0,1,1
589,551320,3,rule_based_agent_2,rule_based_agent,1,400,6,1,1,0,34,32,361,7,400,0.16851305961608887,0.4213,1.7867,0,0,0,2,0
590,551321,0,benedict_task4,benedict_task4,1,400,14,4,2,0,39,46,322,8,400,0.03853726387023926,0.0963,0.4559,0,0,0,1,1
590,551321,1,rule_based_agent_0,rule_based_agent,0,400,3,3,0,0,23,19,222,11,252,0.10604310035705566,0.4208,1.8361,0,1,1,2,0
590,551321,2,rule_based_agent_1,rule_based_agent,0,400,1,1,0,0,29,18,195,7,220,0.10131978988647461,0.4605,1.703,0,1,1,3,0
590,551321,3,rule_based_agent_2,rule_based_agent,1,400,1,1,0,0,36,35,335,19,400,0.2013552188873291,0.5034,1.8618,0,0,0,3,0
591,551322,0,benedict_task4,benedict_task4,0,356,2,2,0,1,44,40,279,1,352,0.027799367904663086,0.079,0.5229,0,1,0,4,0
591,551322,1,rule_based_agent_0,rule_based_agent,0,356,6,1,1,1,23,9,73,2,84,0.02339792251586914,0.2785,0.8593,0,1,0,1,1
591,551322,2,rule_based_agent_1,rule_based_agent,1,356,3,3,0,0,30,25,315,7,356,0.15042614936828613,0.4225,2.1441,0,0,0,2,0
591,551322,3,rule_based_agent_2,rule_based_agent,0,356,3,3,0,0,28,9,71,4,84,0.025783300399780273,0.3069,1.0381,0,1,1,2,0
592,551323,0,benedict_task4,benedict_task4,1,400,8,3,1,0,30,43,321,8,400,0.04463601112365723,0.1116,0.5581,0,0,0,1,1
592,551323,1,rule_based_agent_0,rule_based_agent,1,400,4,4,0,0,35,32,348,13,400,0.18890810012817383,0.4723,1.9121,0,0,0,2,0
592,551323,2,rule_based_agent_1,rule_based_agent,0,400,2,2,0,0,37,23,226,3,253,0.13483238220214844,0.5329,1.899,0,1,1,3,0
592,551323,3,rule_based_agent_2,rule_based_agent,0,400,0,0,0,1,27,6,45,1,52,0.014833211898803711,0.2853,0.643,0,1,0,4,0
593,551324,0,benedict_task4,benedict_task4,0,237,5,5,0,1,42,22,147,3,191,0.006242990493774414,0.0327,0.149,0,1,0,1,1
593,551324,1,rule_based_agent_0,rule_based_agent,0,237,1,1,0,1,40,13,111,5,129,0.03714394569396973,0.2879,1.399,0,1,0,3,0
593,551324,2,rule_based_agent_1,rule_based_agent,1,237,2,2,0,0,21,14,212,7,237,0.10789966583251953,0.4553,1.8578,0,0,0,2,0
593,551324,3,rule_based_agent_2,rule_based_agent,0,237,1,1,0,1,30,8,59,4,71,0.017850160598754883,0.2514,0.7749,0,1,0,3,0
594,551325,0,benedict_task4,benedict_task4,0,236,1,1,0,1,36,22,143,4,184,0.007830142974853516,0.0426,0.206,0,1,0,3,0
594,551325,1,rule_based_agent_0,rule_based_agent,0,236,2,2,0,1,21,9,73,2,84,0.023740768432617188,0.2826,1.2093,0,1,0,2,0
594,551325,2,rule_based_agent_1,rule_based_agent,1,236,6,6,0,0,45,18,215,2,236,0.10486412048339844,0.4443,2.1341,0,0,0,1,1
594,551325,3,rule_based_agent_2,rule_based_agent,0,236,0,0,0,1,20,7,69,3,79,0.02294135093688965,0.2904,0.71,0,1,0,4,0
595,551326,0,benedict_task4,benedict_task4,0,400,0,0,0,1,15,7,40,1,54,0.0024034976959228516,0.0445,0.119,0,1,0,4,0
595,551326,1,rule_based_agent_0,rule_based_agent,0,400,5,5,0,1,23,11,115,8,134,0.056737661361694336,0.4234,2.1141,0,1,0,1,1
595,551326,2,rule_based_agent_1,rule_based_agent,1,400,2,2,0,0,40,40,348,12,400,0.18532824516296387,0.4633,2.2342,0,0,0,2,0
595,551326,3,rule_based_agent_2,rule_based_agent,1,400,2,2,0,0,35,39,353,8,400,0.1923973560333252,0.481,2.2333,0,0,0,2,0
596,551327,0,benedict_task4,benedict_task4,0,400,5,5,0,1,39,32,216,6,285,0.01624751091003418,0.057,0.4361,0,1,0,1,1
596,551327,1,rule_based_agent_0,rule_based_agent,0,400,2,2,0,1,22,9,79,3,91,0.02436542510986328,0.2678,1.044,0,1,0,2,0
596,551327,2,rule_based_agent_1,rule_based_agent,1,400,1,1,0,0,32,21,376,2,400,0.2271580696105957,0.5679,2.3081,0,0,0,3,0
596,551327,3,rule_based_agent_2,rule_based_agent,1,400,1,1,0,0,37,27,361,12,400,0.22018051147460938,0.5505,2.1911,0,0,0,3,0
597,551328,0,benedict_task4,benedict_task4,1,400,2,2,0,0,39,47,301,20,400,0.039923667907714844,0.0998,0.5591,0,0,0,2,0
597,551328,1,rule_based_agent_0,rule_based_agent,0,400,4,4,0,1,23,24,277,11,316,0.1256718635559082,0.3977,1.8361,0,1,0,1,1
597,551328,2,rule_based_agent_1,rule_based_agent,0,400,2,2,0,1,27,9,75,4,88,0.020876646041870117,0.2372,0.6049,0,1,0,2,0
597,551328,3,rule_based_agent_2,rule_based_agent,0,400,1,1,0,1,30,20,209,6,235,0.0965874195098877,0.411,2.7862,0,1,0,4,0
598,551329,0,benedict_task4,benedict_task4,0,311,1,1,0,1,14,5,38,1,46,0.0016961097717285156,0.0369,0.0749,0,1,0,3,0
598,551329,1,rule_based_agent_0,rule_based_agent,1,311,6,6,0,0,64,27,276,4,311,0.2161569595336914,0.695,2.3382,0,0,0,1,1
598,551329,2,rule_based_agent_1,rule_based_agent,0,311,1,1,0,1,22,9,69,5,83,0.02133321762084961,0.257,0.86,0,1,0,3,0
598,551329,3,rule_based_agent_2,rule_based_agent,0,311,6,1,1,1,32,9,87,4,100,0.024676799774169922,0.2468,0.6828,0,1,0,1,1
599,551330,0,benedict_task4,benedict_task4,0,357,7,2,1,1,45,38,275,8,353,0.02827286720275879,0.0801,0.6702,0,1,0,2,0
599,551330,1,rule_based_agent_0,rule_based_agent,1,357,8,3,1,0,31,31,313,6,357,0.18533611297607422,0.5191,1.9908,0,0,0,1,1
599,551330,2,rule_based_agent_1,rule_based_agent,0,357,2,2,0,1,22,7,73,5,85,0.02397012710571289,0.282,0.9861,0,1,0,3,0
599,551330,3,rule_based_agent_2,rule_based_agent,0,357,2,2,0,0,31,28,298,18,346,0.1637861728668213,0.4734,1.9531,0,1,1,3,0
600,551331,0,benedict_task4,benedict_task4,0,254,3,3,0,1,38,12,80,0,104,0.002909421920776367,0.028,0.0801,0,1,0,3,0
600,551331,1,rule_based_agent_0,rule_based_agent,0,254,7,2,1,1,29,16,138,9,163,0.04776930809020996,0.2931,1.812,0,1,0,1,1
600,551331,2,rule_based_agent_1,rule_based_agent,0,254,0,0,0,1,24,11,94,5,110,0.030359506607055664,0.276,0.9902,0,1,0,4,0
600,551331,3,rule_based_agent_2,rule_based_agent,1,254,4,4,0,0,44,23,224,3,254,0.13994050025939941,0.5509,2.243,0,0,0,2,0
601,551332,0,benedict_task4,benedict_task4,1,400,11,6,1,0,46,41,325,5,400,0.04281187057495117,0.107,0.8161,0,0,0,1,1
601,551332,1,rule_based_agent_0,rule_based_agent,0,400,1,1,0,0,32,23,225,12,260,0.11208224296569824,0.4311,1.8532,0,1,1,4,0
601,551332,2,rule_based_agent_1,rule_based_agent,1,400,5,0,1,0,22,32,348,14,400,0.20728158950805664,0.5182,1.9221,0,0,0,2,0
601,551332,3,rule_based_agent_2,rule_based_agent,0,400,2,2,0,1,19,6,57,3,66,0.019330263137817383,0.2929,0.6862,0,1,0,3,0
602,551333,0,benedict_task4,benedict_task4,0,210,4,4,0,1,28,17,142,4,179,0.006909608840942383,0.0386,1.2472,0,1,0,2,0
602,551333,1,rule_based_agent_0,rule_based_agent,1,210,8,3,1,0,33,17,182,7,210,0.11326050758361816,0.5393,2.0518,0,0,0,1,1
602,551333,2,rule_based_agent_1,rule_based_agent,0,210,0,0,0,1,31,8,61,4,73,0.020233154296875,0.2772,0.8092,0,1,0,4,0
602,551333,3,rule_based_agent_2,rule_based_agent,0,210,2,2,0,1,34,11,113,2,126,0.04742741584777832,0.3764,1.6413,0,1,0,3,0
603,551334,0,benedict_task4,benedict_task4,0,400,2,2,0,1,37,38,282,7,358,0.03307652473449707,0.0924,0.6208,0,1,0,3,0
603,551334,1,rule_based_agent_0,rule_based_agent,1,400,8,3,1,0,29,34,348,17,400,0.2155623435974121,0.5389,1.878,0,0,0,1,1
603,551334,2,rule_based_agent_1,rule_based_agent,1,400,3,3,0,0,29,33,361,6,400,0.22060537338256836,0.5515,1.9488,0,0,0,2,0
603,551334,3,rule_based_agent_2,rule_based_agent,0,400,1,1,0,1,23,17,145,13,175,0.06399822235107422,0.3657,2.0099,0,1,0,4,0
604,551335,0,benedict_task4,benedict_task4,0,350,4,4,0,1,43,39,277,11,346,0.032415151596069336,0.0937,0.5713,0,1,0,3,0
604,551335,1,rule_based_agent_0,rule_based_agent,0,350,7,2,1,1,27,27,221,12,261,0.11910510063171387,0.4563,1.879,0,1,0,2,0
604,551335,2,rule_based_agent_1,rule_based_agent,0,350,2,2,0,1,23,12,149,9,170,0.05507326126098633,0.324,1.6131,0,1,0,4,0
604,551335,3,rule_based_agent_2,rule_based_agent,1,350,11,1,2,0,38,32,303,7,350,0.15235280990600586,0.4353,2.0139,0,0,0,1,1
605,551336,0,benedict_task4,benedict_task4,1,400,2,2,0,0,38,48,317,11,400,0.04850888252258301,0.1213,2.1403,0,0,0,2,0
605,551336,1,rule_based_agent_0,rule_based_agent,0,400,2,2,0,1,19,7,54,3,64,0.014278411865234375,0.2231,0.572,0,1,0,2,0
605,551336,2,rule_based_agent_1,rule_based_agent,1,400,3,3,0,0,38,29,357,4,400,0.1893296241760254,0.4733,1.8411,0,0,0,1,1
605,551336,3,rule_based_agent_2,rule_based_agent,0,400,2,2,0,1,30,13,149,4,166,0.08154749870300293,0.4912,1.987,0,1,0,2,0
606,551337,0,benedict_task4,benedict_task4,0,116,0,0,0,1,15,7,46,0,59,0.0026900768280029297,0.0456,0.1299,0,1,0,4,0
606,551337,1,rule_based_agent_0,rule_based_agent,0,116,11,1,2,0,35,12,99,5,116,0.03130817413330078,0.2699,1.106,0,1,1,2,0
606,551337,2,rule_based_agent_1,rule_based_agent,0,116,14,4,2,0,17,9,98,7,114,0.03803539276123047,0.3336,1.0819,0,1,1,1,1
606,551337,3,rule_based_agent_2,rule_based_agent,0,116,3,3,0,1,28,8,63,6,77,0.022350072860717773,0.2903,1.0769,0,1,0,3,0
607,551338,0,benedict_task4,benedict_task4,1,400,3,3,0,0,44,47,309,12,400,0.04046940803527832,0.1012,0.4978,0,0,0,1,1
607,551338,1,rule_based_agent_0,rule_based_agent,1,400,3,3,0,0,38,24,362,4,400,0.19910788536071777,0.4978,1.868,0,0,0,1,1
607,551338,2,rule_based_agent_1,rule_based_agent,0,400,1,1,0,1,24,7,49,1,57,0.012736082077026367,0.2234,1.0278,0,1,0,4,0
607,551338,3,rule_based_agent_2,rule_based_agent,0,400,2,2,0,1,18,6,61,1,68,0.018117189407348633,0.2664,1.111,0,1,0,3,0
608,551339,0,benedict_task4,benedict_task4,0,255,2,2,0,1,26,27,188,5,247,0.014434576034545898,0.0584,0.4148,0,1,0,2,0
608,551339,1,rule_based_agent_0,rule_based_agent,1,255,4,4,0,0,31,22,219,7,255,0.09834051132202148,0.3856,1.946,0,0,0,1,1
608,551339,2,rule_based_agent_1,rule_based_agent,0,255,1,1,0,1,40,10,79,4,93,0.023669958114624023,0.2545,0.911,0,1,0,4,0
608,551339,3,rule_based_agent_2,rule_based_agent,0,255,2,2,0,1,27,20,181,10,212,0.07399892807006836,0.3491,2.11,0,1,0,2,0
609,551340,0,benedict_task4,benedict_task4,0,392,8,3,1,1,34,44,310,7,388,0.03592085838317871,0.0926,0.5651,0,1,0,1,1
609,551340,1,rule_based_agent_0,rule_based_agent,0,392,1,1,0,1,27,8,65,4,77,0.020247459411621094,0.263,0.6351,0,1,0,4,0
609,551340,2,rule_based_agent_1,rule_based_agent,0,392,3,3,0,0,30,18,205,6,229,0.08153724670410156,0.3561,1.9882,0,1,1,2,0
609,551340,3,rule_based_agent_2,rule_based_agent,1,392,2,2,0,0,31,28,339,9,392,0.19314193725585938,0.4927,1.996,0,0,0,3,0
610,551341,0,benedict_task4,benedict_task4,1,400,7,2,1,0,23,45,336,1,400,0.029085397720336914,0.0727,0.4549,0,0,0,1,1
610,551341,1,rule_based_agent_0,rule_based_agent,0,400,0,0,0,1,28,9,67,2,78,0.02051997184753418,0.2631,0.9732,0,1,0,4,0
610,551341,2,rule_based_agent_1,rule_based_agent,0,400,3,3,0,0,36,13,126,2,141,0.04520082473754883,0.3206,1.657,0,1,1,3,0
610,551341,3,rule_based_agent_2,rule_based_agent,1,400,4,4,0,0,32,27,365,4,400,0.17049741744995117,0.4262,1.826,0,0,0,2,0
611,551342,0,benedict_task4,benedict_task4,0,400,7,7,0,0,43,20,170,0,205,0.00818777084350586,0.0399,0.2508,0,1,1,2,0
611,551342,1,rule_based_agent_0,rule_based_agent,0,400,0,0,0,1,27,11,99,5,115,0.06024289131164551,0.5239,1.9872,0,1,0,4,0
611,551342,2,rule_based_agent_1,rule_based_agent,1,400,1,1,0,0,27,25,363,12,400,0.2390613555908203,0.5977,1.9729,0,0,0,3,0
611,551342,3,rule_based_agent_2,rule_based_agent,1,400,11,1,2,0,29,26,366,8,400,0.24494385719299316,0.6124,1.8251,0,0,0,1,1
612,551343,0,benedict_task4,benedict_task4,1,400,11,6,1,0,33,48,309,11,400,0.033608198165893555,0.084,0.541,0,0,0,1,1
612,551343,1,rule_based_agent_0,rule_based_agent,0,400,0,0,0,1,46,29,316,9,363,0.183274507522583,0.5049,2.0239,0,1,0,4,0
612,551343,2,rule_based_agent_1,rule_based_agent,0,400,2,2,0,1,13,6,49,4,59,0.017467021942138672,0.2961,0.669,0,1,0,2,0
612,551343,3,rule_based_agent_2,rule_based_agent,0,400,1,1,0,0,25,19,189,8,216,0.0746297836303711,0.3455,2.0709,0,1,1,3,0
613,551344,0,benedict_task4,benedict_task4,0,249,4,4,0,0,39,28,187,3,241,0.011873960494995117,0.0493,0.4208,0,1,1,2,0
613,551344,1,rule_based_agent_0,rule_based_agent,0,249,1,1,0,1,33,13,123,4,140,0.047730445861816406,0.3409,1.6539,0,1,0,3,0
613,551344,2,rule_based_agent_1,rule_based_agent,1,249,8,3,1,0,26,20,216,6,249,0.10512566566467285,0.4222,2.1439,0,0,0,1,1
613,551344,3,rule_based_agent_2,rule_based_agent,0,249,1,1,0,1,29,23,214,8,245,0.10195732116699219,0.4162,3.732,0,1,0,3,0
614,551345,0,benedict_task4,benedict_task4,0,245,2,2,0,1,39,24,142,1,182,0.005594968795776367,0.0307,0.1841,0,1,0,3,0
614,551345,1,rule_based_agent_0,rule_based_agent,0,245,3,3,0,1,25,8,59,2,69,0.014513969421386719,0.2103,0.5238,0,1,0,2,0
614,551345,2,rule_based_agent_1,rule_based_agent,1,245,7,2,1,0,41,17,222,2,245,0.10750031471252441,0.4388,1.9841,0,0,0,1,1
614,551345,3,rule_based_agent_2,rule_based_agent,0,245,2,2,0,0,27,10,79,7,96,0.021470308303833008,0.2236,0.9489,0,1,1,3,0
615,551346,0,benedict_task4,benedict_task4,1,400,2,2,0,0,32,48,318,11,400,0.04844307899475098,0.1211,0.5729,0,0,0,2,0
615,551346,1,rule_based_agent_0,rule_based_agent,0,400,2,2,0,0,21,10,99,3,112,0.036468505859375,0.3256,1.972,0,1,1,2,0
615,551346,2,rule_based_agent_1,rule_based_agent,0,400,8,3,1,1,35,16,139,8,163,0.07206082344055176,0.4421,1.9879,0,1,0,1,1
615,551346,3,rule_based_agent_2,rule_based_agent,1,400,2,2,0,0,33,39,345,5,400,0.18746471405029297,0.4687,2.1131,0,0,0,2,0
616,551347,0,benedict_task4,benedict_task4,0,284,1,1,0,1,31,32,221,4,280,0.021040678024291992,0.0751,0.4692,0,1,0,4,0
616,551347,1,rule_based_agent_0,rule_based_agent,0,284,3,3,0,1,26,9,87,2,98,0.03210878372192383,0.3276,1.0581,0,1,0,2,0
616,551347,2,rule_based_agent_1,rule_based_agent,0,284,3,3,0,1,35,17,149,8,174,0.07151603698730469,0.411,1.956,0,1,0,2,0
616,551347,3,rule_based_agent_2,rule_based_agent,1,284,7,2,1,0,32,23,241,8,284,0.14243030548095703,0.5015,1.9441,0,0,0,1,1
617,551348,0,benedict_task4,benedict_task4,0,249,4,4,0,1,25,8,65,0,84,0.0033600330352783203,0.04,0.1328,0,1,0,1,1
617,551348,1,rule_based_agent_0,rule_based_agent,1,249,1,1,0,0,54,21,224,0,249,0.17282462120056152,0.6941,2.2829,0,0,0,4,0
617,551348,2,rule_based_agent_1,rule_based_agent,0,249,2,2,0,1,32,10,107,5,122,0.04272866249084473,0.3502,2.316,0,1,0,2,0
617,551348,3,rule_based_agent_2,rule_based_agent,0,249,2,2,0,1,22,7,39,6,52,0.012562751770019531,0.2416,0.6051,0,1,0,2,0
618,551349,0,benedict_task4,benedict_task4,0,268,2,2,0,0,35,28,201,4,256,0.01658034324645996,0.0648,0.55,0,1,1,3,0
618,551349,1,rule_based_agent_0,rule_based_agent,0,268,2,2,0,1,16,5,47,4,56,0.014142513275146484,0.2525,0.639,0,1,0,3,0
618,551349,2,rule_based_agent_1,rule_based_agent,0,268,8,3,1,0,28,22,224,15,262,0.1351792812347412,0.516,1.9803,0,1,1,1,1
618,551349,3,rule_based_agent_2,rule_based_agent,1,268,7,2,1,0,50,21,234,7,268,0.12419247627258301,0.4634,2.135,0,0,0,2,0
619,551350,0,benedict_task4,benedict_task4,0,241,3,3,0,1,46,23,172,1,219,0.013680219650268555,0.0625,0.5352,0,1,0,1,1
619,551350,1,rule_based_agent_0,rule_based_agent,0,241,1,1,0,1,32,9,68,3,80,0.020357370376586914,0.2545,0.603,0,1,0,4,0
619,551350,2,rule_based_agent_1,rule_based_agent,1,241,2,2,0,0,22,24,209,3,241,0.10160088539123535,0.4216,2.0509,0,0,0,3,0
619,551350,3,rule_based_agent_2,rule_based_agent,0,241,3,3,0,1,28,22,204,7,235,0.10680413246154785,0.4545,2.0411,0,1,0,1,1
620,551351,0,benedict_task4,benedict_task4,0,233,7,7,0,1,31,22,168,5,212,0.008564949035644531,0.0404,0.2048,0,1,0,1,1
620,551351,1,rule_based_agent_0,rule_based_agent,1,233,0,0,0,0,37,18,210,1,233,0.10676717758178711,0.4582,1.986,0,0,0,4,0
620,551351,2,rule_based_agent_1,rule_based_agent,0,233,1,1,0,1,21,7,65,3,75,0.0204617977142334,0.2728,0.5579,0,1,0,2,0
620,551351,3,rule_based_agent_2,rule_based_agent,0,233,1,1,0,1,34,9,61,3,73,0.016401290893554688,0.2247,0.751,0,1,0,2,0
621,551352,0,benedict_task4,benedict_task4,1,400,5,5,0,0,29,45,306,31,400,0.045142412185668945,0.1129,0.6442,0,0,0,2,0
621,551352,1,rule_based_agent_0,rule_based_agent,0,400,1,1,0,0,34,23,230,13,266,0.10206103324890137,0.3837,1.9481,0,1,1,4,0
621,551352,2,rule_based_agent_1,rule_based_agent,0,400,2,2,0,1,22,20,183,10,213,0.07778811454772949,0.3652,1.8287,0,1,0,3,0
621,551352,3,rule_based_agent_2,rule_based_agent,0,400,6,1,1,1,30,25,225,16,266,0.12908315658569336,0.4853,2.069,0,1,0,1,1
622,551353,0,benedict_task4,benedict_task4,0,400,0,0,0,1,21,9,60,2,77,0.0024137496948242188,0.0313,0.092,0,1,0,3,0
622,551353,1,rule_based_agent_0,rule_based_agent,1,400,5,5,0,0,31,39,353,8,400,0.1613602638244629,0.4034,1.8578,0,0,0,1,1
622,551353,2,rule_based_agent_1,rule_based_agent,0,400,0,0,0,1,31,12,103,4,119,0.0392913818359375,0.3302,1.2963,0,1,0,3,0
622,551353,3,rule_based_agent_2,rule_based_agent,1,400,4,4,0,0,44,39,352,9,400,0.18927550315856934,0.4732,2.1141,0,0,0,2,0
623,551354,0,benedict_task4,benedict_task4,1,400,8,3,1,0,36,45,319,12,400,0.042241573333740234,0.1056,0.5519,0,0,0,1,1
623,551354,1,rule_based_agent_0,rule_based_agent,0,400,7,2,1,0,29,25,255,10,291,0.16262269020080566,0.5588,1.9329,0,1,1,2,0
623,551354,2,rule_based_agent_1,rule_based_agent,1,400,1,1,0,0,21,34,342,18,400,0.22177386283874512,0.5544,1.9689,0,0,0,4,0
623,551354,3,rule_based_agent_2,rule_based_agent,0,400,3,3,0,0,38,15,119,4,138,0.04803204536437988,0.3481,1.9188,0,1,1,3,0
624,551355,0,benedict_task4,benedict_task4,0,391,1,1,0,1,40,43,305,6,387,0.03634333610534668,0.0939,0.6602,0,1,0,4,0
624,551355,1,rule_based_agent_0,rule_based_agent,0,391,3,3,0,1,40,31,319,22,372,0.18074464797973633,0.4859,1.833,0,1,0,2,0
624,551355,2,rule_based_agent_1,rule_based_agent,1,391,7,2,1,0,30,33,343,10,391,0.1860215663909912,0.4758,1.8313,0,0,0,1,1
624,551355,3,rule_based_agent_2,rule_based_agent,0,391,3,3,0,1,22,17,199,5,221,0.07457900047302246,0.3375,1.694,0,1,0,2,0
625,551356,0,benedict_task4,benedict_task4,1,400,4,4,0,0,58,50,276,41,400,0.03849530220031738,0.0962,0.4191,0,0,0,1,1
625,551356,1,rule_based_agent_0,rule_based_agent,0,400,2,2,0,1,35,12,169,7,188,0.06936097145080566,0.3689,1.9484,0,1,0,2,0
625,551356,2,rule_based_agent_1,rule_based_agent,0,400,2,2,0,1,17,8,71,5,84,0.025513410568237305,0.3037,0.8399,0,1,0,2,0
625,551356,3,rule_based_agent_2,rule_based_agent,0,400,1,1,0,1,24,8,73,1,82,0.025702476501464844,0.3134,1.1449,0,1,0,4,0
626,551357,0,benedict_task4,benedict_task4,0,400,1,1,0,1,18,29,200,4,258,0.015770912170410156,0.0611,0.5238,0,1,0,4,0
626,551357,1,rule_based_agent_0,rule_based_agent,1,400,3,3,0,0,31,22,368,10,400,0.225510835647583,0.5638,2.0921,0,0,0,3,0
626,551357,2,rule_based_agent_1,rule_based_agent,0,400,4,4,0,0,53,24,213,7,244,0.10770297050476074,0.4414,2.0032,0,1,1,2,0
626,551357,3,rule_based_agent_2,rule_based_agent,1,400,11,1,2,0,25,31,357,12,400,0.22999358177185059,0.575,1.8058,0,0,0,1,1
627,551358,0,benedict_task4,benedict_task4,0,227,1,1,0,1,21,12,74,2,95,0.003041982650756836,0.032,0.1168,0,1,0,4,0
627,551358,1,rule_based_agent_0,rule_based_agent,0,227,2,2,0,1,39,10,85,3,98,0.027395248413085938,0.2795,0.8597,0,1,0,2,0
627,551358,2,rule_based_agent_1,rule_based_agent,0,227,4,4,0,1,32,12,125,4,141,0.03652620315551758,0.2591,1.018,0,1,0,1,1
627,551358,3,rule_based_agent_2,rule_based_agent,1,227,2,2,0,0,31,17,204,2,227,0.1338355541229248,0.5896,2.131,0,0,0,2,0
628,551359,0,benedict_task4,benedict_task4,0,264,0,0,0,1,40,30,198,7,260,0.01860833168029785,0.0716,0.515,0,1,0,4,0
628,551359,1,rule_based_agent_0,rule_based_agent,1,264,10,5,1,0,39,24,227,8,264,0.10336518287658691,0.3915,1.842,0,0,0,1,1
628,551359,2,rule_based_agent_1,rule_based_agent,0,264,3,3,0,1,22,16,189,10,215,0.08480405807495117,0.3944,1.8456,0,1,0,2,0
628,551359,3,rule_based_agent_2,rule_based_agent,0,264,1,1,0,1,18,14,137,15,166,0.06221747398376465,0.3748,1.6999,0,1,0,3,0
629,551360,0,benedict_task4,benedict_task4,1,400,7,2,1,0,39,46,328,5,400,0.037294864654541016,0.0932,0.5889,0,0,0,1,1
629,551360,1,rule_based_agent_0,rule_based_agent,0,400,1,1,0,1,38,10,77,7,94,0.023659467697143555,0.2517,0.7219,0,1,0,3,0
629,551360,2,rule_based_agent_1,rule_based_agent,1,400,5,5,0,0,38,29,355,9,400,0.1896202564239502,0.4741,1.826,0,0,0,2,0
629,551360,3,rule_based_agent_2,rule_based_agent,0,400,1,1,0,0,20,7,65,4,76,0.022980928421020508,0.3024,0.9749,0,1,1,3,0
630,551361,0,benedict_task4,benedict_task4,1,400,5,5,0,0,52,47,304,28,400,0.023922204971313477,0.0598,0.34,0,0,0,1,1
630,551361,1,rule_based_agent_0,rule_based_agent,0,400,2,2,0,1,22,8,73,1,82,0.022723913192749023,0.2771,0.6361,0,1,0,2,0
630,551361,2,rule_based_agent_1,rule_based_agent,0,400,1,1,0,1,29,9,85,4,98,0.029231548309326172,0.2983,1.1771,0,1,0,3,0
630,551361,3,rule_based_agent_2,rule_based_agent,0,400,1,1,0,1,23,7,54,2,63,0.015203237533569336,0.2413,0.499,0,1,0,3,0
631,551362,0,benedict_task4,benedict_task4,0,400,3,3,0,1,22,10,65,1,86,0.0033903121948242188,0.0394,0.1142,0,1,0,3,0
631,551362,1,rule_based_agent_0,rule_based_agent,0,400,3,3,0,1,36,17,167,10,194,0.07542943954467773,0.3888,1.817,0,1,0,3,0
631,551362,2,rule_based_agent_1,rule_based_agent,1,400,8,3,1,0,38,22,371,6,400,0.26648426055908203,0.6662,2.4881,0,0,0,1,1
631,551362,3,rule_based_agent_2,rule_based_agent,1,400,5,0,1,0,30,22,374,3,400,0.2662527561187744,0.6656,2.1529,0,0,0,2,0
632,551363,0,benedict_task4,benedict_task4,0,400,2,2,0,1,26,12,82,1,106,0.0039577484130859375,0.0373,0.1791,0,1,0,2,0
632,551363,1,rule_based_agent_0,rule_based_agent,1,400,2,2,0,0,41,24,372,3,400,0.24188756942749023,0.6047,2.0902,0,0,0,2,0
632,551363,2,rule_based_agent_1,rule_based_agent,1,400,4,4,0,0,28,24,367,8,400,0.2420341968536377,0.6051,1.9772,0,0,0,1,1
632,551363,3,rule_based_agent_2,rule_based_agent,0,400,1,1,0,1,34,15,131,4,150,0.04629778861999512,0.3087,2.0123,0,1,0,4,0
633,551364,0,benedict_task4,benedict_task4,0,400,9,4,1,1,51,42,324,5,400,0.03565359115600586,0.0891,0.684,0,1,0,1,1
633,551364,1,rule_based_agent_0,rule_based_agent,0,400,5,5,0,1,26,25,265,21,311,0.1402444839477539,0.4509,1.9281,0,1,0,2,0
633,551364,2,rule_based_agent_1,rule_based_agent,1,400,5,0,1,0,18,32,345,19,400,0.18355107307434082,0.4589,1.9562,0,0,0,2,0
633,551364,3,rule_based_agent_2,rule_based_agent,0,400,0,0,0,1,29,20,203,9,232,0.09340667724609375,0.4026,1.9941,0,1,0,4,0
634,551365,0,benedict_task4,benedict_task4,0,278,1,1,0,1,28,28,213,2,267,0.023516178131103516,0.0881,0.6189,0,1,0,3,0
634,551365,1,rule_based_agent_0,rule_based_agent,1,278,3,3,0,0,34,24,244,6,278,0.15538620948791504,0.5589,2.0232,0,0,0,2,0
634,551365,2,rule_based_agent_1,rule_based_agent,0,278,0,0,0,1,29,19,169,9,197,0.09446287155151367,0.4795,1.9388,0,1,0,4,0
634,551365,3,rule_based_agent_2,rule_based_agent,0,278,5,5,0,1,28,21,247,6,274,0.1388843059539795,0.5069,1.9877,0,1,0,1,1
635,551366,0,benedict_task4,benedict_task4,0,400,2,2,0,1,35,31,224,5,282,0.020425796508789062,0.0724,0.4711,0,1,0,3,0
635,551366,1,rule_based_agent_0,rule_based_agent,1,400,9,4,1,0,27,29,350,21,400,0.2450704574584961,0.6127,1.9801,0,0,0,1,1
635,551366,2,rule_based_agent_1,rule_based_agent,0,400,3,3,0,1,30,16,132,9,157,0.06534719467163086,0.4162,2.27,0,1,0,2,0
635,551366,3,rule_based_agent_2,rule_based_agent,1,400,0,0,0,0,31,28,359,13,400,0.24400091171264648,0.61,2.5129,0,0,0,4,0
636,551367,0,benedict_task4,benedict_task4,0,232,2,2,0,1,36,25,175,3,228,0.013893365859985352,0.0609,0.2811,0,1,0,2,0
636,551367,1,rule_based_agent_0,rule_based_agent,1,232,2,2,0,0,34,19,203,4,232,0.09459257125854492,0.4077,2.6708,0,0,0,2,0
636,551367,2,rule_based_agent_1,rule_based_agent,0,232,4,4,0,1,34,13,135,5,153,0.06690120697021484,0.4373,1.9829,0,1,0,1,1
636,551367,3,rule_based_agent_2,rule_based_agent,0,232,1,1,0,1,16,5,37,1,43,0.013598203659057617,0.3162,0.5219,0,1,0,4,0
637,551368,0,benedict_task4,benedict_task4,0,197,2,2,0,1,34,20,153,5,193,0.016797304153442383,0.087,0.5221,0,1,0,2,0
637,551368,1,rule_based_agent_0,rule_based_agent,0,197,1,1,0,1,35,18,151,14,184,0.09016060829162598,0.49,2.0778,0,1,0,4,0
637,551368,2,rule_based_agent_1,rule_based_agent,1,197,4,4,0,0,37,16,173,3,197,0.09024667739868164,0.4581,2.31,0,0,0,1,1
637,551368,3,rule_based_agent_2,rule_based_agent,0,197,2,2,0,1,24,14,129,9,152,0.06676769256591797,0.4393,1.9901,0,1,0,2,0
638,551369,0,benedict_task4,benedict_task4,0,267,4,4,0,1,52,28,193,11,263,0.012004613876342773,0.0456,0.4418,0,1,0,2,0
638,551369,1,rule_based_agent_0,rule_based_agent,0,267,0,0,0,1,23,9,75,3,87,0.025488853454589844,0.293,0.9048,0,1,0,4,0
638,551369,2,rule_based_agent_1,rule_based_agent,1,267,8,3,1,0,32,22,233,6,267,0.12265872955322266,0.4594,2.0909,0,0,0,1,1
638,551369,3,rule_based_agent_2,rule_based_agent,0,267,2,2,0,0,16,11,119,5,135,0.05993199348449707,0.4439,2.26,0,1,1,3,0
639,551370,0,benedict_task4,benedict_task4,0,400,1,1,0,1,39,19,122,3,158,0.007396221160888672,0.0468,0.2429,0,1,0,3,0
639,551370,1,rule_based_agent_0,rule_based_agent,1,400,3,3,0,0,21,32,363,5,400,0.176652193069458,0.4416,1.8809,0,0,0,2,0
639,551370,2,rule_based_agent_1,rule_based_agent,0,400,1,1,0,1,26,11,103,1,115,0.03655529022216797,0.3179,1.7672,0,1,0,3,0
639,551370,3,rule_based_agent_2,rule_based_agent,1,400,4,4,0,0,27,34,352,14,400,0.19332551956176758,0.4833,1.9128,0,0,0,1,1
640,551371,0,benedict_task4,benedict_task4,0,216,2,2,0,1,22,11,73,2,95,0.0035402774810791016,0.0373,0.1342,0,1,0,3,0
640,551371,1,rule_based_agent_0,rule_based_agent,0,216,3,3,0,1,39,15,157,5,177,0.08617448806762695,0.4869,2.5983,0,1,0,1,1
640,551371,2,rule_based_agent_1,rule_based_agent,1,216,3,3,0,0,38,16,194,2,216,0.10299491882324219,0.4768,2.0659,0,0,0,1,1
640,551371,3,rule_based_agent_2,rule_based_agent,0,216,1,1,0,1,27,8,67,5,80,0.02180647850036621,0.2726,0.7579,0,1,0,4,0
641,551372,0,benedict_task4,benedict_task4,1,400,7,2,1,0,33,46,315,7,400,0.032857656478881836,0.0821,0.6461,0,0,0,1,1
641,551372,1,rule_based_agent_0,rule_based_agent,1,400,5,5,0,0,31,30,360,4,400,0.20612096786499023,0.5153,2.5089,0,0,0,2,0
641,551372,2,rule_based_agent_1,rule_based_agent,0,400,0,0,0,0,23,10,114,3,127,0.057965755462646484,0.4564,2.125,0,1,1,4,0
641,551372,3,rule_based_agent_2,rule_based_agent,0,400,2,2,0,1,25,10,105,6,121,0.03493690490722656,0.2887,1.9319,0,1,0,3,0
642,551373,0,benedict_task4,benedict_task4,0,214,4,4,0,1,35,18,142,4,177,0.007927894592285156,0.0448,0.3493,0,1,0,1,1
642,551373,1,rule_based_agent_0,rule_based_agent,0,214,1,1,0,1,31,18,183,9,210,0.08830857276916504,0.4205,1.9372,0,1,0,4,0
642,551373,2,rule_based_agent_1,rule_based_agent,1,214,2,2,0,0,30,16,194,0,214,0.08177518844604492,0.3821,1.888,0,0,0,2,0
642,551373,3,rule_based_agent_2,rule_based_agent,0,214,2,2,0,1,29,16,168,10,194,0.0863945484161377,0.4453,2.5899,0,1,0,2,0
643,551374,0,benedict_task4,benedict_task4,0,400,3,3,0,1,22,10,66,3,90,0.0028994083404541016,0.0322,0.078,0,1,0,1,1
643,551374,1,rule_based_agent_0,rule_based_agent,1,400,3,3,0,0,36,31,356,13,400,0.1901698112487793,0.4754,1.9798,0,0,0,1,1
643,551374,2,rule_based_agent_1,rule_based_agent,0,400,1,1,0,1,27,10,68,2,80,0.01758432388305664,0.2198,1.0278,0,1,0,4,0
643,551374,3,rule_based_agent_2,rule_based_agent,1,400,2,2,0,0,34,31,357,12,400,0.22927308082580566,0.5732,2.0142,0,0,0,3,0
644,551375,0,benedict_task4,benedict_task4,1,400,9,4,1,0,39,46,323,2,400,0.03444027900695801,0.0861,0.5341,0,0,0,1,1
644,551375,1,rule_based_agent_0,rule_based_agent,0,400,9,4,1,1,41,15,137,5,157,0.059433698654174805,0.3786,2.069,0,1,0,1,1
644,551375,2,rule_based_agent_1,rule_based_agent,0,400,1,1,0,0,29,9,78,2,89,0.028911113739013672,0.3248,1.205,0,1,1,3,0
644,551375,3,rule_based_agent_2,rule_based_agent,1,400,0,0,0,0,22,30,353,10,400,0.17787837982177734,0.4447,1.806,0,0,0,4,0
645,551376,0,benedict_task4,benedict_task4,0,267,2,2,0,1,37,30,211,4,263,0.0149383544921875,0.0568,0.5,0,1,0,3,0
645,551376,1,rule_based_agent_0,rule_based_agent,1,267,3,3,0,0,29,18,241,2,267,0.10760140419006348,0.403,1.869,0,0,0,1,1
645,551376,2,rule_based_agent_1,rule_based_agent,0,267,3,3,0,1,36,11,105,3,119,0.03281044960021973,0.2757,0.8721,0,1,0,1,1
645,551376,3,rule_based_agent_2,rule_based_agent,0,267,1,1,0,1,23,7,53,4,64,0.01783132553100586,0.2786,0.8121,0,1,0,4,0
646,551377,0,benedict_task4,benedict_task4,0,237,3,3,0,1,17,8,83,2,99,0.004363298416137695,0.0441,0.19,0,1,0,2,0
646,551377,1,rule_based_agent_0,rule_based_agent,1,237,5,5,0,0,48,20,212,1,237,0.1258254051208496,0.5309,2.0852,0,0,0,1,1
646,551377,2,rule_based_agent_1,rule_based_agent,0,237,0,0,0,1,20,7,57,3,67,0.0169985294342041,0.2537,0.7281,0,1,0,4,0
646,551377,3,rule_based_agent_2,rule_based_agent,0,237,1,1,0,1,32,9,64,1,74,0.01504373550415039,0.2033,0.7122,0,1,0,3,0
647,551378,0,benedict_task4,benedict_task4,0,400,3,3,0,0,23,21,160,5,196,0.011520147323608398,0.0588,0.469,0,1,1,2,0
647,551378,1,rule_based_agent_0,rule_based_agent,1,400,3,3,0,0,40,19,374,7,400,0.27158164978027344,0.679,1.8539,0,0,0,2,0
647,551378,2,rule_based_agent_1,rule_based_agent,0,400,2,2,0,1,27,14,157,9,180,0.07319378852844238,0.4066,2.054,0,1,0,4,0
647,551378,3,rule_based_agent_2,rule_based_agent,1,400,6,1,1,0,23,16,377,6,400,0.26214170455932617,0.6554,2.3119,0,0,0,1,1
648,551379,0,benedict_task4,benedict_task4,0,272,3,3,0,1,39,30,210,6,264,0.026250362396240234,0.0994,0.5379,0,1,0,2,0
648,551379,1,rule_based_agent_0,rule_based_agent,0,272,1,1,0,1,23,15,133,10,158,0.06570076942443848,0.4158,2.4672,0,1,0,3,0
648,551379,2,rule_based_agent_1,rule_based_agent,1,272,9,4,1,0,39,25,231,7,272,0.12044501304626465,0.4428,1.8818,0,0,0,1,1
648,551379,3,rule_based_agent_2,rule_based_agent,0,272,1,1,0,1,29,19,174,8,202,0.08674240112304688,0.4294,2.2242,0,1,0,3,0
649,551380,0,benedict_task4,benedict_task4,0,400,3,3,0,1,16,11,67,4,87,0.003585338592529297,0.0412,0.18,0,1,0,2,0
649,551380,1,rule_based_agent_0,rule_based_agent,1,400,8,3,1,0,35,33,357,10,400,0.18410015106201172,0.4603,2.2662,0,0,0,1,1
649,551380,2,rule_based_agent_1,rule_based_agent,0,400,3,3,0,1,31,22,211,13,246,0.10317540168762207,0.4194,2.0208,0,1,0,2,0
649,551380,3,rule_based_agent_2,rule_based_agent,1,400,0,0,0,0,39,34,351,15,400,0.22130131721496582,0.5533,2.1851,0,0,0,4,0
650,551381,0,benedict_task4,benedict_task4,0,284,3,3,0,1,32,31,219,5,280,0.024364233016967773,0.087,0.622,0,1,0,3,0
650,551381,1,rule_based_agent_0,rule_based_agent,1,284,8,3,1,0,28,27,241,10,284,0.15668129920959473,0.5517,2.0971,0,0,0,1,1
650,551381,2,rule_based_agent_1,rule_based_agent,0,284,6,1,1,1,24,24,204,10,238,0.13172030448913574,0.5534,2.182,0,1,0,2,0
650,551381,3,rule_based_agent_2,rule_based_agent,0,284,2,2,0,1,35,12,115,6,133,0.05283188819885254,0.3972,2.2438,0,1,0,4,0
651,551382,0,benedict_task4,benedict_task4,0,222,1,1,0,1,33,15,94,1,121,0.003979682922363281,0.0329,0.1152,0,1,0,3,0
651,551382,1,rule_based_agent_0,rule_based_agent,0,222,0,0,0,0,24,7,63,2,72,0.019370555877685547,0.269,0.6762,0,1,1,4,0
651,551382,2,rule_based_agent_1,rule_based_agent,0,222,3,3,0,1,18,8,73,1,82,0.024249792098999023,0.2957,1.5492,0,1,0,2,0
651,551382,3,rule_based_agent_2,rule_based_agent,1,222,10,5,1,0,49,21,197,3,222,0.15411162376403809,0.6942,2.2922,0,0,0,1,1
652,551383,0,benedict_task4,benedict_task4,0,213,2,2,0,1,46,22,169,1,209,0.009283781051635742,0.0444,0.4649,0,1,0,2,0
652,551383,1,rule_based_agent_0,rule_based_agent,0,213,2,2,0,1,19,6,39,4,49,0.009955644607543945,0.2032,0.4001,0,1,0,2,0
652,551383,2,rule_based_agent_1,rule_based_agent,0,213,3,3,0,1,29,8,60,1,69,0.014842987060546875,0.2151,0.5801,0,1,0,1,1
652,551383,3,rule_based_agent_2,rule_based_agent,1,213,2,2,0,0,34,15,193,0,213,0.08880472183227539,0.4169,2.007,0,0,0,2,0
653,551384,0,benedict_task4,benedict_task4,1,400,0,0,0,0,28,45,298,25,400,0.041986942291259766,0.105,0.4947,0,0,0,4,0
653,551384,1,rule_based_agent_0,rule_based_agent,0,400,2,2,0,1,31,12,105,10,127,0.04773831367492676,0.3759,2.07,0,1,0,2,0
653,551384,2,rule_based_agent_1,rule_based_agent,0,400,2,2,0,1,25,12,99,5,116,0.03177642822265625,0.2739,1.4329,0,1,0,2,0
653,551384,3,rule_based_agent_2,rule_based_agent,0,400,5,5,0,1,38,27,285,8,326,0.13457918167114258,0.4128,2.0852,0,1,0,1,1
654,551385,0,benedict_task4,benedict_task4,0,400,4,4,0,1,61,34,257,3,321,0.02719902992248535,0.0847,0.6759,0,1,0,2,0
654,551385,1,rule_based_agent_0,rule_based_agent,1,400,2,2,0,0,27,34,350,16,400,0.19774985313415527,0.4944,1.7803,0,0,0,3,0
654,551385,2,rule_based_agent_1,rule_based_agent,0,400,1,1,0,1,13,5,42,2,49,0.011937141418457031,0.2436,0.7989,0,1,0,4,0
654,551385,3,rule_based_agent_2,rule_based_agent,1,400,7,2,1,0,25,31,361,8,400,0.20787310600280762,0.5197,1.8528,0,0,0,1,1
655,551386,0,benedict_task4,benedict_task4,0,312,2,2,0,1,35,34,235,4,297,0.02272319793701172,0.0765,0.5479,0,1,0,3,0
655,551386,1,rule_based_agent_0,rule_based_agent,1,312,2,2,0,0,23,27,269,10,312,0.1564474105834961,0.5014,1.8809,0,0,0,3,0
655,551386,2,rule_based_agent_1,rule_based_agent,0,312,7,2,1,1,31,31,267,9,308,0.12988066673278809,0.4217,2.013,0,1,0,1,1
655,551386,3,rule_based_agent_2,rule_based_agent,0,312,3,3,0,0,36,9,68,2,79,0.019793987274169922,0.2506,0.68,0,1,1,2,0
656,551387,0,benedict_task4,benedict_task4,0,400,2,2,0,1,35,13,91,2,116,0.0041539669036865234,0.0358,0.1259,0,1,0,2,0
656,551387,1,rule_based_agent_0,rule_based_agent,1,400,1,1,0,0,42,32,355,12,400,0.22912383079528809,0.5728,2.0032,0,0,0,3,0
656,551387,2,rule_based_agent_1,rule_based_agent,1,400,5,5,0,0,38,33,358,8,400,0.20851516723632812,0.5213,1.982,0,0,0,1,1
656,551387,3,rule_based_agent_2,rule_based_agent,0,400,1,1,0,1,14,5,31,4,40,0.009549140930175781,0.2387,0.7172,0,1,0,3,0
657,551388,0,benedict_task4,benedict_task4,1,400,8,3,1,0,36,48,316,5,400,0.04571127891540527,0.1143,0.494,0,0,0,1,1
657,551388,1,rule_based_agent_0,rule_based_agent,1,400,3,3,0,0,40,33,339,17,400,0.1604762077331543,0.4012,1.8063,0,0,0,2,0
657,551388,2,rule_based_agent_1,rule_based_agent,0,400,1,1,0,1,25,12,115,8,135,0.039774179458618164,0.2946,0.7291,0,1,0,4,0
657,551388,3,rule_based_agent_2,rule_based_agent,0,400,2,2,0,0,27,11,93,3,107,0.028995037078857422,0.271,1.842,0,1,1,3,0
658,551389,0,benedict_task4,benedict_task4,1,400,4,4,0,0,39,47,327,2,400,0.030433177947998047,0.0761,0.515,0,0,0,1,1
658,551389,1,rule_based_agent_0,rule_based_agent,0,400,0,0,0,1,30,9,75,5,89,0.021567106246948242,0.2423,0.7827,0,1,0,4,0
658,551389,2,rule_based_agent_1,rule_based_agent,0,400,2,2,0,1,22,7,58,2,67,0.015718936920166016,0.2346,0.793,0,1,0,3,0
658,551389,3,rule_based_agent_2,rule_based_agent,1,400,3,3,0,0,26,29,360,6,400,0.20386600494384766,0.5097,2.0251,0,0,0,2,0
659,551390,0,benedict_task4,benedict_task4,0,400,1,1,0,1,17,7,49,1,64,0.00186920166015625,0.0292,0.0687,0,1,0,4,0
659,551390,1,rule_based_agent_0,rule_based_agent,1,400,2,2,0,0,27,38,349,13,400,0.21077895164489746,0.5269,2.146,0,0,0,2,0
659,551390,2,rule_based_agent_1,rule_based_agent,0,400,2,2,0,1,25,12,122,5,139,0.04332232475280762,0.3117,1.3499,0,1,0,2,0
659,551390,3,rule_based_agent_2,rule_based_agent,1,400,9,4,1,0,38,39,345,16,400,0.18903088569641113,0.4726,2.2149,0,0,0,1,1
660,551391,0,benedict_task4,benedict_task4,0,400,4,4,0,1,27,10,81,2,99,0.003930091857910156,0.0397,0.1233,0,1,0,2,0
660,551391,1,rule_based_agent_0,rule_based_agent,1,400,7,2,1,0,33,37,350,13,400,0.1812281608581543,0.4531,2.1241,0,0,0,1,1
660,551391,2,rule_based_agent_1,rule_based_agent,1,400,3,3,0,0,35,36,355,9,400,0.18463563919067383,0.4616,2.053,0,0,0,3,0
660,551391,3,rule_based_agent_2,rule_based_agent,0,400,0,0,0,0,25,14,133,8,155,0.06240105628967285,0.4026,2.0082,0,1,1,4,0
661,551392,0,benedict_task4,benedict_task4,1,400,5,5,0,0,34,41,323,7,400,0.038393259048461914,0.096,0.6218,0,0,0,1,1
661,551392,1,rule_based_agent_0,rule_based_agent,0,400,1,1,0,1,30,29,281,11,321,0.13024568557739258,0.4057,2.3959,0,1,0,3,0
661,551392,2,rule_based_agent_1,rule_based_agent,1,400,3,3,0,0,30,34,350,13,400,0.20399832725524902,0.51,2.0401,0,0,0,2,0
661,551392,3,rule_based_agent_2,rule_based_agent,0,400,0,0,0,1,31,8,59,4,71,0.02024555206298828,0.2851,0.839,0,1,0,4,0
662,551393,0,benedict_task4,benedict_task4,0,400,0,0,0,0,23,9,50,2,69,0.002313375473022461,0.0335,0.0839,0,1,1,4,0
662,551393,1,rule_based_agent_0,rule_based_agent,0,400,2,2,0,1,35,16,177,4,197,0.09304523468017578,0.4723,2.0981,0,1,0,3,0
662,551393,2,rule_based_agent_1,rule_based_agent,1,400,8,3,1,0,39,32,363,5,400,0.2098705768585205,0.5247,2.275,0,0,0,1,1
662,551393,3,rule_based_agent_2,rule_based_agent,1,400,4,4,0,0,31,31,360,9,400,0.20613551139831543,0.5153,1.9128,0,0,0,2,0
663,551394,0,benedict_task4,benedict_task4,0,296,1,1,0,1,19,13,91,1,115,0.0057201385498046875,0.0497,0.211,0,1,0,4,0
663,551394,1,rule_based_agent_0,rule_based_agent,0,296,4,4,0,1,40,23,251,7,281,0.1269209384918213,0.4517,2.1069,0,1,0,1,1
663,551394,2,rule_based_agent_1,rule_based_agent,0,296,2,2,0,1,19,9,72,2,83,0.019173145294189453,0.231,0.627,0,1,0,2,0
663,551394,3,rule_based_agent_2,rule_based_agent,1,296,2,2,0,0,48,26,262,4,296,0.13003063201904297,0.4393,2.0401,0,0,0,2,0
664,551395,0,benedict_task4,benedict_task4,0,400,0,0,0,0,29,12,73,3,99,0.003975629806518555,0.0402,0.108,0,1,1,4,0
664,551395,1,rule_based_agent_0,rule_based_agent,1,400,3,3,0,0,24,26,370,4,400,0.23496294021606445,0.5874,1.9879,0,0,0,3,0
664,551395,2,rule_based_agent_1,rule_based_agent,1,400,8,3,1,0,32,24,369,6,400,0.24940276145935059,0.6235,1.8899,0,0,0,1,1
664,551395,3,rule_based_agent_2,rule_based_agent,0,400,8,3,1,1,30,12,98,4,114,0.02970266342163086,0.2605,1.9169,0,1,0,1,1
665,551396,0,benedict_task4,benedict_task4,0,335,10,5,1,1,38,38,264,5,327,0.02791452407836914,0.0854,0.5078,0,1,0,1,1
665,551396,1,rule_based_agent_0,rule_based_agent,1,335,2,2,0,0,34,28,283,10,335,0.14087247848510742,0.4205,1.853,0,0,0,2,0
665,551396,2,rule_based_agent_1,rule_based_agent,0,335,1,1,0,0,36,17,169,6,192,0.07098221778869629,0.3697,1.833,0,1,1,3,0
665,551396,3,rule_based_agent_2,rule_based_agent,0,335,1,1,0,1,15,5,29,4,38,0.008478879928588867,0.2231,0.5822,0,1,0,3,0
666,551397,0,benedict_task4,benedict_task4,1,400,3,3,0,0,35,48,319,5,400,0.044739484786987305,0.1118,0.5569,0,0,0,2,0
666,551397,1,rule_based_agent_0,rule_based_agent,0,400,1,1,0,1,26,16,151,12,179,0.0691986083984375,0.3866,1.9488,0,1,0,3,0
666,551397,2,rule_based_agent_1,rule_based_agent,0,400,1,1,0,1,26,15,107,9,131,0.037859439849853516,0.289,2.1329,0,1,0,3,0
666,551397,3,rule_based_agent_2,rule_based_agent,1,400,4,4,0,0,25,26,347,13,400,0.23381400108337402,0.5845,2.044,0,0,0,1,1
667,551398,0,benedict_task4,benedict_task4,0,312,2,2,0,1,32,33,233,12,308,0.036580562591552734,0.1188,1.2188,0,1,0,4,0
667,551398,1,rule_based_agent_0,rule_based_agent,0,312,3,3,0,1,38,9,71,4,84,0.023159503936767578,0.2757,2.0761,0,1,0,2,0
667,551398,2,rule_based_agent_1,rule_based_agent,1,312,6,1,1,0,26,25,263,18,312,0.1945326328277588,0.6235,2.3892,0,0,0,1,1
667,551398,3,rule_based_agent_2,rule_based_agent,0,312,3,3,0,1,26,24,233,15,273,0.1666266918182373,0.6104,2.5401,0,1,0,2,0
668,551399,0,benedict_task4,benedict_task4,0,291,1,1,0,1,31,31,209,7,271,0.02553534507751465,0.0942,0.5331,0,1,0,4,0
668,551399,1,rule_based_agent_0,rule_based_agent,0,291,2,2,0,1,33,18,143,3,164,0.07053685188293457,0.4301,1.9641,0,1,0,3,0
668,551399,2,rule_based_agent_1,rule_based_agent,0,291,7,2,1,0,31,30,242,9,285,0.14803218841552734,0.5194,1.967,0,1,1,2,0
668,551399,3,rule_based_agent_2,rule_based_agent,1,291,9,4,1,0,23,24,254,6,291,0.11680793762207031,0.4014,1.785,0,0,0,1,1
669,551400,0,benedict_task4,benedict_task4,0,285,1,1,0,1,43,31,226,6,281,0.029727458953857422,0.1058,0.715,0,1,0,3,0
669,551400,1,rule_based_agent_0,rule_based_agent,1,285,4,4,0,0,24,22,243,15,285,0.17523860931396484,0.6149,2.156,0,0,0,1,1
669,551400,2,rule_based_agent_1,rule_based_agent,0,285,1,1,0,1,25,24,188,16,228,0.1281287670135498,0.562,2.1031,0,1,0,3,0
669,551400,3,rule_based_agent_2,rule_based_agent,0,285,3,3,0,1,24,26,227,19,272,0.14877700805664062,0.547,2.1949,0,1,0,2,0
670,551401,0,benedict_task4,benedict_task4,1,400,2,2,0,0,36,46,321,6,400,0.04059767723083496,0.1015,0.562,0,0,0,2,0
670,551401,1,rule_based_agent_0,rule_based_agent,1,400,5,5,0,0,36,33,347,10,400,0.19526290893554688,0.4882,2.506,0,0,0,1,1
670,551401,2,rule_based_agent_1,rule_based_agent,0,400,2,2,0,1,38,13,103,4,120,0.024981021881103516,0.2082,0.6609,0,1,0,2,0
670,551401,3,rule_based_agent_2,rule_based_agent,0,400,0,0,0,1,21,10,117,7,134,0.038086891174316406,0.2842,0.9699,0,1,0,4,0
671,551402,0,benedict_task4,benedict_task4,1,400,8,3,1,0,31,46,316,6,400,0.039595842361450195,0.099,0.4661,0,0,0,1,1
671,551402,1,rule_based_agent_0,rule_based_agent,1,400,3,3,0,0,45,35,352,7,400,0.1627824306488037,0.407,1.9591,0,0,0,2,0
671,551402,2,rule_based_agent_1,rule_based_agent,0,400,2,2,0,0,18,9,82,6,97,0.023360490798950195,0.2408,0.9761,0,1,1,3,0
671,551402,3,rule_based_agent_2,rule_based_agent,0,400,1,1,0,1,24,15,153,8,176,0.07483530044555664,0.4252,1.9403,0,1,0,4,0
672,551403,0,benedict_task4,benedict_task4,0,189,5,5,0,1,44,20,149,1,185,0.007402896881103516,0.04,0.1981,0,1,0,1,1
672,551403,1,rule_based_agent_0,rule_based_agent,0,189,2,2,0,1,22,7,53,3,63,0.013982295989990234,0.2219,0.504,0,1,0,2,0
672,551403,2,rule_based_agent_1,rule_based_agent,0,189,1,1,0,1,23,10,89,4,103,0.03283357620239258,0.3188,1.436,0,1,0,3,0
672,551403,3,rule_based_agent_2,rule_based_agent,1,189,1,1,0,0,30,10,173,2,189,0.07529592514038086,0.3984,1.9071,0,0,0,3,0
673,551404,0,benedict_task4,benedict_task4,0,278,1,1,0,1,46,32,211,3,274,0.020077228546142578,0.0733,0.4609,0,1,0,4,0
673,551404,1,rule_based_agent_0,rule_based_agent,0,278,8,3,1,1,27,17,192,7,217,0.08242607116699219,0.3798,2.0659,0,1,0,1,1
673,551404,2,rule_based_agent_1,rule_based_agent,1,278,8,3,1,0,30,24,243,5,278,0.1124105453491211,0.4044,1.9469,0,0,0,1,1
673,551404,3,rule_based_agent_2,rule_based_agent,0,278,2,2,0,0,16,17,187,13,217,0.09698128700256348,0.4469,2.1679,0,1,1,3,0
674,551405,0,benedict_task4,benedict_task4,1,400,5,5,0,0,41,48,290,34,400,0.032628774642944336,0.0816,0.484,0,0,0,1,1
674,551405,1,rule_based_agent_0,rule_based_agent,0,400,1,1,0,1,24,10,78,6,94,0.03232741355895996,0.3439,1.265,0,1,0,3,0
674,551405,2,rule_based_agent_1,rule_based_agent,0,400,2,2,0,1,28,14,153,8,175,0.05877113342285156,0.3358,1.3273,0,1,0,2,0
674,551405,3,rule_based_agent_2,rule_based_agent,0,400,1,1,0,1,28,9,73,3,85,0.02490520477294922,0.293,0.8991,0,1,0,3,0
675,551406,0,benedict_task4,benedict_task4,1,400,1,1,0,0,26,46,317,7,400,0.04079842567443848,0.102,0.5376,0,0,0,3,0
675,551406,1,rule_based_agent_0,rule_based_agent,0,400,5,5,0,1,25,10,89,4,103,0.03197813034057617,0.3105,2.1319,0,1,0,1,1
675,551406,2,rule_based_agent_1,rule_based_agent,0,400,0,0,0,1,33,22,179,6,207,0.08470034599304199,0.4092,2.0506,0,1,0,4,0
675,551406,3,rule_based_agent_2,rule_based_agent,1,400,3,3,0,0,40,31,350,10,400,0.20819449424743652,0.5205,2.037,0,0,0,2,0
676,551407,0,benedict_task4,benedict_task4,0,268,6,1,1,1,27,27,216,3,264,0.027906417846679688,0.1057,0.6468,0,1,0,2,0
676,551407,1,rule_based_agent_0,rule_based_agent,0,268,3,3,0,1,34,13,119,3,135,0.042910099029541016,0.3179,2.0559,0,1,0,3,0
676,551407,2,rule_based_agent_1,rule_based_agent,0,268,3,3,0,0,23,23,224,5,252,0.10013961791992188,0.3974,1.878,0,1,1,3,0
676,551407,3,rule_based_agent_2,rule_based_agent,1,268,7,2,1,0,48,25,228,8,268,0.11526823043823242,0.4301,1.9879,0,0,0,1,1
677,551408,0,benedict_task4,benedict_task4,0,230,3,3,0,1,40,26,179,4,226,0.008166313171386719,0.0361,0.1543,0,1,0,1,1
677,551408,1,rule_based_agent_0,rule_based_agent,0,230,3,3,0,1,23,10,101,5,116,0.03925323486328125,0.3384,1.8702,0,1,0,1,1
677,551408,2,rule_based_agent_1,rule_based_agent,1,230,1,1,0,0,35,16,207,3,230,0.10135674476623535,0.4407,2.0607,0,0,0,4,0
677,551408,3,rule_based_agent_2,rule_based_agent,0,230,2,2,0,1,22,9,83,4,96,0.02658700942993164,0.2769,1.0478,0,1,0,3,0
678,551409,0,benedict_task4,benedict_task4,0,291,0,0,0,1,16,11,86,1,104,0.005517005920410156,0.053,0.2248,0,1,0,4,0
678,551409,1,rule_based_agent_0,rule_based_agent,0,291,2,2,0,1,25,8,68,4,80,0.01802349090576172,0.2253,0.4179,0,1,0,3,0
678,551409,2,rule_based_agent_1,rule_based_agent,0,291,3,3,0,1,43,24,241,7,272,0.11776518821716309,0.433,2.0089,0,1,0,2,0
678,551409,3,rule_based_agent_2,rule_based_agent,1,291,4,4,0,0,31,24,258,5,291,0.12208795547485352,0.4195,2.1298,0,0,0,1,1
679,551410,0,benedict_task4,benedict_task4,0,200,4,4,0,1,30,14,110,2,140,0.00567936897277832,0.0406,0.2561,0,1,0,1,1
679,551410,1,rule_based_agent_0,rule_based_agent,0,200,2,2,0,1,25,8,94,3,105,0.0321202278137207,0.3059,1.1683,0,1,0,2,0
679,551410,2,rule_based_agent_1,rule_based_agent,0,200,1,1,0,1,23,7,55,5,67,0.01462864875793457,0.2183,0.6192,0,1,0,4,0
679,551410,3,rule_based_agent_2,rule_based_agent,1,200,2,2,0,0,40,15,180,1,200,0.08876681327819824,0.4438,1.9031,0,0,0,2,0
680,551411,0,benedict_task4,benedict_task4,0,400,2,2,0,1,29,20,142,1,178,0.00901651382446289,0.0507,0.3698,0,1,0,2,0
680,551411,1,rule_based_agent_0,rule_based_agent,1,400,4,4,0,0,34,32,357,10,400,0.21149373054504395,0.5287,1.864,0,0,0,1,1
680,551411,2,rule_based_agent_1,rule_based_agent,0,400,1,1,0,1,34,11,89,5,105,0.030588388442993164,0.2913,1.0409,0,1,0,4,0
680,551411,3,rule_based_agent_2,rule_based_agent,1,400,2,2,0,0,25,31,360,9,400,0.21410250663757324,0.5353,1.9448,0,0,0,2,0
681,551412,0,benedict_task4,benedict_task4,1,400,6,1,1,0,26,47,319,7,400,0.04134416580200195,0.1034,0.566,0,0,0,1,1
681,551412,1,rule_based_agent_0,rule_based_agent,1,400,3,3,0,0,30,32,353,9,400,0.2041938304901123,0.5105,1.8711,0,0,0,2,0
681,551412,2,rule_based_agent_1,rule_based_agent,0,400,3,3,0,1,31,9,67,3,79,0.01895737648010254,0.24,0.6096,0,1,0,2,0
681,551412,3,rule_based_agent_2,rule_based_agent,0,400,2,2,0,0,39,17,203,8,229,0.10940861701965332,0.4778,1.9391,0,1,1,4,0
682,551413,0,benedict_task4,benedict_task4,0,377,10,5,1,1,38,40,298,5,369,0.033052921295166016,0.0896,0.5298,0,1,0,1,1
682,551413,1,rule_based_agent_0,rule_based_agent,1,377,2,2,0,0,30,32,327,6,377,0.1569809913635254,0.4164,1.802,0,0,0,2,0
682,551413,2,rule_based_agent_1,rule_based_agent,0,377,0,0,0,1,25,7,59,3,69,0.01634669303894043,0.2369,1.1621,0,1,0,4,0
682,551413,3,rule_based_agent_2,rule_based_agent,0,377,2,2,0,1,30,20,195,9,224,0.09300470352172852,0.4152,1.734,0,1,0,2,0
683,551414,0,benedict_task4,benedict_task4,1,400,1,1,0,0,42,49,318,5,400,0.03057241439819336,0.0764,0.423,0,0,0,4,0
683,551414,1,rule_based_agent_0,rule_based_agent,0,400,3,3,0,1,22,7,49,5,61,0.013138294219970703,0.2154,0.7708,0,1,0,1,1
683,551414,2,rule_based_agent_1,rule_based_agent,0,400,2,2,0,1,23,6,53,4,63,0.01810741424560547,0.2874,1.3092,0,1,0,3,0
683,551414,3,rule_based_agent_2,rule_based_agent,1,400,3,3,0,0,41,25,362,4,400,0.15829086303710938,0.3957,1.6799,0,0,0,1,1
684,551415,0,benedict_task4,benedict_task4,1,400,6,1,1,0,30,47,316,21,400,0.0293271541595459,0.0733,0.505,0,0,0,2,0
684,551415,1,rule_based_agent_0,rule_based_agent,0,400,7,2,1,0,31,12,109,2,123,0.036421775817871094,0.2961,1.5533,0,1,1,1,1
684,551415,2,rule_based_agent_1,rule_based_agent,0,400,2,2,0,1,28,9,71,2,82,0.0223233699798584,0.2722,0.916,0,1,0,4,0
684,551415,3,rule_based_agent_2,rule_based_agent,0,400,4,4,0,1,29,16,277,3,296,0.12979388236999512,0.4385,1.8792,0,1,0,3,0
685,551416,0,benedict_task4,benedict_task4,0,397,2,2,0,1,32,10,62,4,86,0.0030226707458496094,0.0351,0.155,0,1,0,3,0
685,551416,1,rule_based_agent_0,rule_based_agent,0,397,3,3,0,1,32,18,186,4,208,0.07848167419433594,0.3773,1.92,0,1,0,2,0
685,551416,2,rule_based_agent_1,rule_based_agent,1,397,0,0,0,0,21,35,345,13,397,0.20545220375061035,0.5175,1.92,0,0,0,4,0
685,551416,3,rule_based_agent_2,rule_based_agent,0,397,4,4,0,1,35,36,347,10,393,0.19966912269592285,0.5081,1.9748,0,1,0,1,1
686,551417,0,benedict_task4,benedict_task4,0,400,0,0,0,1,19,10,78,1,93,0.003923177719116211,0.0422,0.138,0,1,0,4,0
686,551417,1,rule_based_agent_0,rule_based_agent,1,400,1,1,0,0,40,39,355,6,400,0.17315435409545898,0.4329,2.001,0,0,0,2,0
686,551417,2,rule_based_agent_1,rule_based_agent,1,400,12,7,1,0,37,37,352,11,400,0.1823124885559082,0.4558,1.8687,0,0,0,1,1
686,551417,3,rule_based_agent_2,rule_based_agent,0,400,1,1,0,0,31,11,99,5,115,0.0316319465637207,0.2751,1.0309,0,1,1,2,0
687,551418,0,benedict_task4,benedict_task4,1,400,10,5,1,0,27,47,307,23,400,0.037679433822631836,0.0942,0.53,0,0,0,1,1
687,551418,1,rule_based_agent_0,rule_based_agent,0,400,3,3,0,1,30,24,212,16,252,0.1097409725189209,0.4355,1.9321,0,1,0,3,0
687,551418,2,rule_based_agent_1,rule_based_agent,0,400,5,0,1,1,30,31,271,12,317,0.14433598518371582,0.4553,1.936,0,1,0,2,0
687,551418,3,rule_based_agent_2,rule_based_agent,0,400,1,1,0,0,39,11,107,2,120,0.032048702239990234,0.2671,0.742,0,1,1,4,0
688,551419,0,benedict_task4,benedict_task4,1,400,7,2,1,0,27,47,323,5,400,0.04393911361694336,0.1098,0.566,0,0,0,1,1
688,551419,1,rule_based_agent_0,rule_based_agent,0,400,2,2,0,1,38,26,221,13,261,0.11391949653625488,0.4365,1.9152,0,1,0,4,0
688,551419,2,rule_based_agent_1,rule_based_agent,0,400,3,3,0,1,27,17,181,9,207,0.0715482234954834,0.3456,1.8251,0,1,0,3,0
688,551419,3,rule_based_agent_2,rule_based_agent,1,400,7,2,1,0,35,35,346,13,400,0.20676779747009277,0.5169,2.07,0,0,0,1,1
689,551420,0,benedict_task4,benedict_task4,1,400,9,4,1,0,39,46,321,8,400,0.04584336280822754,0.1146,0.582,0,0,0,1,1
689,551420,1,rule_based_agent_0,rule_based_agent,0,400,2,2,0,0,32,28,271,8,307,0.17253661155700684,0.562,1.9178,0,1,1,2,0
689,551420,2,rule_based_agent_1,rule_based_agent,0,400,2,2,0,1,17,6,49,3,58,0.01221013069152832,0.2105,0.541,0,1,0,2,0
689,551420,3,rule_based_agent_2,rule_based_agent,0,400,1,1,0,1,30,36,346,13,400,0.21613073348999023,0.5403,1.8251,0,1,0,4,0
690,551421,0,benedict_task4,benedict_task4,1,400,6,1,1,0,33,48,296,23,400,0.04664134979248047,0.1166,0.556,0,0,0,1,1
690,551421,1,rule_based_agent_0,rule_based_agent,0,400,3,3,0,1,34,26,276,10,320,0.15215659141540527,0.4755,1.9243,0,1,0,2,0
690,551421,2,rule_based_agent_1,rule_based_agent,0,400,3,3,0,0,40,21,157,12,191,0.07285857200622559,0.3815,1.931,0,1,1,2,0
690,551421,3,rule_based_agent_2,rule_based_agent,0,400,2,2,0,1,19,7,49,4,60,0.010750532150268555,0.1792,0.4411,0,1,0,4,0
691,551422,0,benedict_task4,benedict_task4,0,341,2,2,0,1,39,40,268,3,337,0.030634164810180664,0.0909,0.567,0,1,0,3,0
691,551422,1,rule_based_agent_0,rule_based_agent,0,341,4,4,0,1,30,16,149,7,172,0.05456709861755371,0.3173,1.925,0,1,0,2,0
691,551422,2,rule_based_agent_1,rule_based_agent,0,341,1,1,0,1,28,15,147,8,170,0.06512212753295898,0.3831,2.0759,0,1,0,4,0
691,551422,3,rule_based_agent_2,rule_based_agent,1,341,7,2,1,0,31,30,283,14,341,0.18140888214111328,0.532,2.362,0,0,0,1,1
692,551423,0,benedict_task4,benedict_task4,0,400,4,4,0,1,44,23,180,3,220,0.016085386276245117,0.0731,0.514,0,1,0,2,0
692,551423,1,rule_based_agent_0,rule_based_agent,0,400,2,2,0,1,34,10,93,2,105,0.03515291213989258,0.3348,0.9201,0,1,0,3,0
692,551423,2,rule_based_agent_1,rule_based_agent,1,400,6,1,1,0,17,25,369,6,400,0.2366490364074707,0.5916,1.8461,0,0,0,1,1
692,551423,3,rule_based_agent_2,rule_based_agent,1,400,2,2,0,0,35,25,366,8,400,0.2779362201690674,0.6948,2.0571,0,0,0,3,0
693,551424,0,benedict_task4,benedict_task4,0,400,4,4,0,0,19,7,50,0,66,0.0021817684173583984,0.0331,0.1159,0,1,1,2,0
693,551424,1,rule_based_agent_0,rule_based_agent,1,400,1,1,0,0,38,22,371,6,400,0.2235267162322998,0.5588,1.991,0,0,0,4,0
693,551424,2,rule_based_agent_1,rule_based_agent,1,400,2,2,0,0,33,24,366,9,400,0.22936344146728516,0.5734,2.0669,0,0,0,3,0
693,551424,3,rule_based_agent_2,rule_based_agent,0,400,7,2,1,1,30,14,143,6,163,0.05859208106994629,0.3595,1.9982,0,1,0,1,1
694,551425,0,benedict_task4,benedict_task4,1,400,7,2,1,0,44,47,318,6,400,0.03640437126159668,0.091,0.5293,0,0,0,2,0
694,551425,1,rule_based_agent_0,rule_based_agent,1,400,9,4,1,0,22,28,351,12,400,0.18038678169250488,0.451,1.905,0,0,0,1,1
694,551425,2,rule_based_agent_1,rule_based_agent,0,400,1,1,0,0,26,20,234,7,262,0.11721539497375488,0.4474,2.0943,0,1,1,4,0
694,551425,3,rule_based_agent_2,rule_based_agent,0,400,2,2,0,1,40,15,147,9,171,0.05652260780334473,0.3305,1.3213,0,1,0,3,0
695,551426,0,benedict_task4,benedict_task4,0,339,1,1,0,1,34,38,260,6,331,0.03148293495178223,0.0951,0.5498,0,1,0,3,0
695,551426,1,rule_based_agent_0,rule_based_agent,1,339,4,4,0,0,20,31,285,13,339,0.1739060878753662,0.513,1.8539,0,0,0,1,1
695,551426,2,rule_based_agent_1,rule_based_agent,0,339,1,1,0,1,24,7,63,4,74,0.022083044052124023,0.2984,1.0982,0,1,0,3,0
695,551426,3,rule_based_agent_2,rule_based_agent,0,339,3,3,0,1,48,25,217,6,248,0.11019229888916016,0.4443,2.0151,0,1,0,2,0
696,551427,0,benedict_task4,benedict_task4,1,400,10,5,1,0,46,47,321,5,400,0.04252266883850098,0.1063,0.5157,0,0,0,1,1
696,551427,1,rule_based_agent_0,rule_based_agent,0,400,1,1,0,0,24,21,234,6,263,0.14663362503051758,0.5575,2.4512,0,1,1,3,0
696,551427,2,rule_based_agent_1,rule_based_agent,0,400,1,1,0,1,31,15,141,4,160,0.0836484432220459,0.5228,2.1079,0,1,0,3,0
696,551427,3,rule_based_agent_2,rule_based_agent,1,400,7,2,1,0,24,34,344,14,400,0.1869361400604248,0.4673,1.992,0,0,0,2,0
697,551428,0,benedict_task4,benedict_task4,0,227,3,3,0,1,22,13,88,6,116,0.005365133285522461,0.0463,0.211,0,1,0,2,0
697,551428,1,rule_based_agent_0,rule_based_agent,1,227,5,5,0,0,53,20,202,1,227,0.1241765022277832,0.547,2.106,0,0,0,1,1
697,551428,2,rule_based_agent_1,rule_based_agent,0,227,0,0,0,1,17,6,53,1,60,0.016943693161010742,0.2824,0.8271,0,1,0,4,0
697,551428,3,rule_based_agent_2,rule_based_agent,0,227,1,1,0,1,27,13,119,6,138,0.041590213775634766,0.3014,1.0297,0,1,0,3,0
698,551429,0,benedict_task4,benedict_task4,0,400,3,3,0,1,30,21,164,1,202,0.013907670974731445,0.0688,0.4261,0,1,0,3,0
698,551429,1,rule_based_agent_0,rule_based_agent,1,400,2,2,0,0,28,20,376,4,400,0.2570178508758545,0.6425,1.9999,0,0,0,4,0
698,551429,2,rule_based_agent_1,rule_based_agent,1,400,5,0,1,0,23,22,371,7,400,0.2512493133544922,0.6281,1.77,0,0,0,1,1
698,551429,3,rule_based_agent_2,rule_based_agent,0,400,4,4,0,0,31,11,89,5,105,0.025229215621948242,0.2403,0.838,0,1,1,2,0
699,551430,0,benedict_task4,benedict_task4,0,353,2,2,0,1,23,16,112,1,139,0.007860422134399414,0.0565,0.2701,0,1,0,2,0
699,551430,1,rule_based_agent_0,rule_based_agent,0,353,2,2,0,1,32,9,77,2,88,0.023470401763916016,0.2667,0.9,0,1,0,2,0
699,551430,2,rule_based_agent_1,rule_based_agent,1,353,3,3,0,0,41,28,312,9,353,0.17029047012329102,0.4824,1.9789,0,0,0,1,1
699,551430,3,rule_based_agent_2,rule_based_agent,0,353,2,2,0,1,35,26,273,10,309,0.1335456371307373,0.4322,1.9031,0,1,0,2,0
700,551431,0,benedict_task4,benedict_task4,1,400,2,2,0,0,40,46,319,10,400,0.04202103614807129,0.1051,0.4811,0,0,0,2,0
700,551431,1,rule_based_agent_0,rule_based_agent,0,400,1,1,0,0,23,8,46,5,59,0.012142658233642578,0.2058,0.5167,0,1,1,4,0
700,551431,2,rule_based_agent_1,rule_based_agent,0,400,2,2,0,1,30,9,75,5,89,0.01905035972595215,0.214,0.622,0,1,0,2,0
700,551431,3,rule_based_agent_2,rule_based_agent,1,400,9,4,1,0,37,30,358,7,400,0.206679105758667,0.5167,2.0061,0,0,0,1,1
701,551432,0,benedict_task4,benedict_task4,0,238,4,4,0,1,36,20,147,2,184,0.006755352020263672,0.0367,0.252,0,1,0,1,1
701,551432,1,rule_based_agent_0,rule_based_agent,1,238,3,3,0,0,26,16,216,2,238,0.10945391654968262,0.4599,1.9569,0,0,0,2,0
701,551432,2,rule_based_agent_1,rule_based_agent,0,238,2,2,0,1,22,6,59,1,66,0.014618635177612305,0.2215,0.6409,0,1,0,3,0
701,551432,3,rule_based_agent_2,rule_based_agent,0,238,0,0,0,1,32,13,108,6,127,0.047434329986572266,0.3735,2.2812,0,1,0,4,0
702,551433,0,benedict_task4,benedict_task4,1,400,4,4,0,0,44,46,325,5,400,0.03569984436035156,0.0892,0.572,0,0,0,1,1
702,551433,1,rule_based_agent_0,rule_based_agent,1,400,2,2,0,0,38,27,353,13,400,0.17679643630981445,0.442,1.7881,0,0,0,2,0
702,551433,2,rule_based_agent_1,rule_based_agent,0,400,2,2,0,1,40,12,107,7,126,0.0383608341217041,0.3045,1.0169,0,1,0,2,0
702,551433,3,rule_based_agent_2,rule_based_agent,0,400,1,1,0,1,14,13,151,6,170,0.05833077430725098,0.3431,1.4009,0,1,0,4,0
703,551434,0,benedict_task4,benedict_task4,1,400,1,1,0,0,24,45,315,8,400,0.040350914001464844,0.1009,0.5779,0,0,0,4,0
703,551434,1,rule_based_agent_0,rule_based_agent,0,400,3,3,0,1,34,33,297,23,353,0.1887650489807129,0.5347,1.9782,0,1,0,1,1
703,551434,2,rule_based_agent_1,rule_based_agent,1,400,2,2,0,0,33,31,349,17,400,0.19741177558898926,0.4935,2.0041,0,0,0,3,0
703,551434,3,rule_based_agent_2,rule_based_agent,0,400,3,3,0,1,29,10,77,1,88,0.02025127410888672,0.2301,1.1299,0,1,0,1,1
704,551435,0,benedict_task4,benedict_task4,1,400,8,3,1,0,37,44,320,6,400,0.04025697708129883,0.1006,0.5507,0,0,0,1,1
704,551435,1,rule_based_agent_0,rule_based_agent,0,400,5,5,0,1,24,34,327,19,383,0.18926310539245605,0.4942,1.8399,0,1,0,2,0
704,551435,2,rule_based_agent_1,rule_based_agent,0,400,1,1,0,1,26,34,273,16,324,0.1370851993560791,0.4231,1.8208,0,1,0,3,0
704,551435,3,rule_based_agent_2,rule_based_agent,0,400,0,0,0,1,29,7,47,3,57,0.016468524932861328,0.2889,0.8409,0,1,0,4,0
705,551436,0,benedict_task4,benedict_task4,0,400,5,5,0,1,23,13,96,0,117,0.005780696868896484,0.0494,0.345,0,1,0,2,0
705,551436,1,rule_based_agent_0,rule_based_agent,1,400,0,0,0,0,29,28,365,7,400,0.20938873291015625,0.5235,2.0769,0,0,0,4,0
705,551436,2,rule_based_agent_1,rule_based_agent,1,400,8,3,1,0,37,33,354,13,400,0.20944762229919434,0.5236,1.961,0,0,0,1,1
705,551436,3,rule_based_agent_2,rule_based_agent,0,400,1,1,0,1,37,19,182,5,206,0.08269929885864258,0.4015,1.9889,0,1,0,3,0
706,551437,0,benedict_task4,benedict_task4,0,347,2,2,0,1,30,39,278,7,343,0.040160417556762695,0.1171,0.6588,0,1,0,3,0
706,551437,1,rule_based_agent_0,rule_based_agent,0,347,3,3,0,1,28,23,272,9,304,0.16459894180297852,0.5414,1.8213,0,1,0,1,1
706,551437,2,rule_based_agent_1,rule_based_agent,1,347,1,1,0,0,28,29,297,14,347,0.18774938583374023,0.5411,2.3229,0,0,0,4,0
706,551437,3,rule_based_agent_2,rule_based_agent,0,347,3,3,0,1,37,20,197,11,228,0.10878300666809082,0.4771,1.9178,0,1,0,1,1
707,551438,0,benedict_task4,benedict_task4,1,400,3,3,0,0,28,45,329,4,400,0.03414583206176758,0.0854,0.5081,0,0,0,2,0
707,551438,1,rule_based_agent_0,rule_based_agent,0,400,0,0,0,1,25,9,81,6,96,0.03231644630432129,0.3366,1.0717,0,1,0,4,0
707,551438,2,rule_based_agent_1,rule_based_agent,0,400,2,2,0,1,30,16,163,5,184,0.06203413009643555,0.3371,1.77,0,1,0,3,0
707,551438,3,rule_based_agent_2,rule_based_agent,1,400,4,4,0,0,37,31,354,8,400,0.18683648109436035,0.4671,2.1152,0,0,0,1,1
708,551439,0,benedict_task4,benedict_task4,0,346,7,2,1,1,38,39,278,5,342,0.03812813758850098,0.1115,0.6192,0,1,0,1,1
708,551439,1,rule_based_agent_0,rule_based_agent,0,346,3,3,0,1,28,30,267,11,308,0.17138886451721191,0.5565,2.1191,0,1,0,2,0
708,551439,2,rule_based_agent_1,rule_based_agent,0,346,1,1,0,1,25,14,137,9,160,0.07817959785461426,0.4886,2.0871,0,1,0,4,0
708,551439,3,rule_based_agent_2,rule_based_agent,1,346,3,3,0,0,31,28,291,19,346,0.1805284023284912,0.5218,1.9379,0,0,0,2,0
709,551440,0,benedict_task4,benedict_task4,0,243,2,2,0,1,43,27,187,3,238,0.010474681854248047,0.044,0.2739,0,1,0,2,0
709,551440,1,rule_based_agent_0,rule_based_agent,1,243,2,2,0,0,39,19,218,2,243,0.11989927291870117,0.4934,1.9417,0,0,0,2,0
709,551440,2,rule_based_agent_1,rule_based_agent,0,243,2,2,0,1,26,10,77,3,90,0.027041196823120117,0.3005,1.0438,0,1,0,2,0
709,551440,3,rule_based_agent_2,rule_based_agent,0,243,3,3,0,1,23,9,72,3,84,0.021709918975830078,0.2585,1.2712,0,1,0,1,1
710,551441,0,benedict_task4,benedict_task4,0,400,2,2,0,1,21,7,40,1,56,0.0019636154174804688,0.0351,0.1752,0,1,0,3,0
710,551441,1,rule_based_agent_0,rule_based_agent,1,400,8,3,1,0,34,35,354,11,400,0.1791234016418457,0.4478,2.0633,0,0,0,1,1
710,551441,2,rule_based_agent_1,rule_based_agent,1,400,3,3,0,0,36,35,357,8,400,0.18132686614990234,0.4533,1.9691,0,0,0,2,0
710,551441,3,rule_based_agent_2,rule_based_agent,0,400,1,1,0,0,35,32,311,17,360,0.16721796989440918,0.4645,1.9641,0,1,1,4,0
711,551442,0,benedict_task4,benedict_task4,0,400,3,3,0,0,25,17,127,4,166,0.009280920028686523,0.0559,0.324,0,1,1,3,0
711,551442,1,rule_based_agent_0,rule_based_agent,1,400,8,3,1,0,29,25,369,6,400,0.23643040657043457,0.5911,1.807,0,0,0,1,1
711,551442,2,rule_based_agent_1,rule_based_agent,0,400,1,1,0,1,26,9,73,3,85,0.025101900100708008,0.2953,0.7451,0,1,0,4,0
711,551442,3,rule_based_agent_2,rule_based_agent,1,400,7,2,1,0,32,23,372,5,400,0.23640680313110352,0.591,1.9031,0,0,0,2,0
712,551443,0,benedict_task4,benedict_task4,0,400,2,2,0,1,18,25,192,1,228,0.009505748748779297,0.0417,0.2308,0,1,0,3,0
712,551443,1,rule_based_agent_0,rule_based_agent,1,400,3,3,0,0,19,22,373,5,400,0.23067426681518555,0.5767,1.8351,0,0,0,2,0
712,551443,2,rule_based_agent_1,rule_based_agent,0,400,0,0,0,1,47,13,113,1,127,0.035491943359375,0.2795,1.0011,0,1,0,4,0
712,551443,3,rule_based_agent_2,rule_based_agent,1,400,4,4,0,0,40,24,370,6,400,0.24588418006896973,0.6147,2.6839,0,0,0,1,1
713,551444,0,benedict_task4,benedict_task4,0,329,3,3,0,1,25,9,64,1,83,0.0025589466094970703,0.0308,0.1109,0,1,0,1,1
713,551444,1,rule_based_agent_0,rule_based_agent,0,329,3,3,0,1,31,8,65,2,75,0.020384788513183594,0.2718,1.3571,0,1,0,1,1
713,551444,2,rule_based_agent_1,rule_based_agent,0,329,2,2,0,1,34,24,239,9,272,0.13549184799194336,0.4981,2.1999,0,1,0,3,0
713,551444,3,rule_based_agent_2,rule_based_agent,1,329,1,1,0,0,36,30,288,7,329,0.17349982261657715,0.5274,2.1682,0,0,0,4,0
714,551445,0,benedict_task4,benedict_task4,0,310,0,0,0,1,25,32,240,1,285,0.010459661483764648,0.0367,0.1822,0,1,0,3,0
714,551445,1,rule_based_agent_0,rule_based_agent,0,310,0,0,0,1,36,11,95,4,110,0.03160977363586426,0.2874,1.528,0,1,0,3,0
714,551445,2,rule_based_agent_1,rule_based_agent,0,310,1,1,0,1,15,7,65,3,75,0.025305509567260742,0.3374,1.4238,0,1,0,2,0
714,551445,3,rule_based_agent_2,rule_based_agent,1,310,8,8,0,0,45,20,285,5,310,0.15824484825134277,0.5105,2.6529,0,0,0,1,1
715,551446,0,benedict_task4,benedict_task4,0,400,1,1,0,1,38,17,110,4,146,0.005887508392333984,0.0403,0.2263,0,1,0,3,0
715,551446,1,rule_based_agent_0,rule_based_agent,1,400,4,4,0,0,26,27,365,8,400,0.23380279541015625,0.5845,1.982,0,0,0,1,1
715,551446,2,rule_based_agent_1,rule_based_agent,0,400,1,1,0,1,41,13,115,4,132,0.04380440711975098,0.3319,1.8833,0,1,0,3,0
715,551446,3,rule_based_agent_2,rule_based_agent,1,400,3,3,0,0,25,27,366,6,400,0.24969220161437988,0.6242,1.956,0,0,0,2,0
716,551447,0,benedict_task4,benedict_task4,0,269,3,3,0,1,34,28,217,4,265,0.025820255279541016,0.0974,0.5162,0,1,0,1,1
716,551447,1,rule_based_agent_0,rule_based_agent,0,269,1,1,0,1,26,8,65,2,75,0.015711069107055664,0.2095,0.5901,0,1,0,4,0
716,551447,2,rule_based_agent_1,rule_based_agent,1,269,2,2,0,0,24,23,233,7,269,0.12224507331848145,0.4544,2.3792,0,0,0,3,0
716,551447,3,rule_based_agent_2,rule_based_agent,0,269,3,3,0,1,32,22,195,11,228,0.10800981521606445,0.4737,1.9789,0,1,0,1,1
717,551448,0,benedict_task4,benedict_task4,0,231,4,4,0,1,31,25,167,5,215,0.007135629653930664,0.0332,0.1221,0,1,0,2,0
717,551448,1,rule_based_agent_0,rule_based_agent,1,231,1,1,0,0,36,19,202,6,231,0.09406876564025879,0.4072,1.9689,0,0,0,4,0
717,551448,2,rule_based_agent_1,rule_based_agent,0,231,7,2,1,1,42,11,99,3,113,0.02788376808166504,0.2468,0.922,0,1,0,1,1
717,551448,3,rule_based_agent_2,rule_based_agent,0,231,2,2,0,1,18,9,82,5,96,0.028454303741455078,0.2964,2.9089,0,1,0,3,0
718,551449,0,benedict_task4,benedict_task4,0,356,8,3,1,1,27,38,277,3,352,0.03535103797912598,0.1004,0.5829,0,1,0,1,1
718,551449,1,rule_based_agent_0,rule_based_agent,1,356,6,1,1,0,38,35,301,13,356,0.16449785232543945,0.4621,1.8828,0,0,0,2,0
718,551449,2,rule_based_agent_1,rule_based_agent,0,356,3,3,0,0,30,29,271,16,317,0.15984725952148438,0.5043,2.0838,0,1,1,3,0
718,551449,3,rule_based_agent_2,rule_based_agent,0,356,2,2,0,0,29,12,102,4,118,0.02960371971130371,0.2509,0.6652,0,1,1,4,0
719,551450,0,benedict_task4,benedict_task4,1,400,2,2,0,0,30,47,321,8,400,0.038590431213378906,0.0965,0.5622,0,0,0,3,0
719,551450,1,rule_based_agent_0,rule_based_agent,1,400,6,1,1,0,43,40,343,13,400,0.17142987251281738,0.4286,1.9119,0,0,0,1,1
719,551450,2,rule_based_agent_1,rule_based_agent,0,400,2,2,0,1,18,19,164,6,189,0.07282447814941406,0.3853,1.7211,0,1,0,3,0
719,551450,3,rule_based_agent_2,rule_based_agent,0,400,4,4,0,0,36,29,269,10,308,0.1494746208190918,0.4853,1.9629,0,1,1,2,0
720,551451,0,benedict_task4,benedict_task4,0,400,4,4,0,1,28,12,84,2,106,0.0033080577850341797,0.0312,0.1299,0,1,0,1,1
720,551451,1,rule_based_agent_0,rule_based_agent,1,400,1,1,0,0,29,33,356,11,400,0.18030166625976562,0.4508,1.8539,0,0,0,4,0
720,551451,2,rule_based_agent_1,rule_based_agent,0,400,2,2,0,1,30,27,287,13,327,0.15317273139953613,0.4684,1.9629,0,1,0,2,0
720,551451,3,rule_based_agent_2,rule_based_agent,1,400,2,2,0,0,39,32,355,13,400,0.1832597255706787,0.4581,1.9588,0,0,0,2,0
721,551452,0,benedict_task4,benedict_task4,0,400,2,2,0,1,38,25,170,4,216,0.017217397689819336,0.0797,0.5398,0,1,0,4,0
721,551452,1,rule_based_agent_0,rule_based_agent,1,400,7,2,1,0,33,23,367,8,400,0.24177908897399902,0.6044,1.8029,0,0,0,1,1
721,551452,2,rule_based_agent_1,rule_based_agent,0,400,3,3,0,1,26,19,160,11,190,0.06815743446350098,0.3587,1.797,0,1,0,3,0
721,551452,3,rule_based_agent_2,rule_based_agent,1,400,7,2,1,0,31,22,364,12,400,0.23732590675354004,0.5933,1.899,0,0,0,1,1
722,551453,0,benedict_task4,benedict_task4,1,400,3,3,0,0,44,47,290,31,400,0.04417753219604492,0.1104,0.5012,0,0,0,2,0
722,551453,1,rule_based_agent_0,rule_based_agent,0,400,1,1,0,1,18,6,54,1,61,0.016185283660888672,0.2653,0.7989,0,1,0,3,0
722,551453,2,rule_based_agent_1,rule_based_agent,0,400,0,0,0,1,26,20,194,11,225,0.0884709358215332,0.3932,1.8659,0,1,0,4,0
722,551453,3,rule_based_agent_2,rule_based_agent,0,400,5,5,0,1,26,21,223,11,257,0.11876034736633301,0.4621,1.9426,0,1,0,1,1
723,551454,0,benedict_task4,benedict_task4,0,400,2,2,0,1,27,16,123,4,162,0.007167816162109375,0.0442,0.231,0,1,0,2,0
723,551454,1,rule_based_agent_0,rule_based_agent,0,400,2,2,0,1,33,12,93,8,113,0.04795074462890625,0.4243,2.1029,0,1,0,2,0
723,551454,2,rule_based_agent_1,rule_based_agent,1,400,4,4,0,0,26,32,358,10,400,0.1882622241973877,0.4707,1.9548,0,0,0,1,1
723,551454,3,rule_based_agent_2,rule_based_agent,1,400,1,1,0,0,37,34,355,11,400,0.20552587509155273,0.5138,2.0468,0,0,0,4,0
724,551455,0,benedict_task4,benedict_task4,1,400,4,4,0,0,40,46,304,24,400,0.04134488105773926,0.1034,0.4361,0,0,0,1,1
724,551455,1,rule_based_agent_0,rule_based_agent,0,400,0,0,0,1,25,8,68,7,83,0.023869037628173828,0.2876,0.7162,0,1,0,4,0
724,551455,2,rule_based_agent_1,rule_based_agent,0,400,1,1,0,1,26,12,95,6,113,0.03681182861328125,0.3258,1.477,0,1,0,3,0
724,551455,3,rule_based_agent_2,rule_based_agent,0,400,4,4,0,1,33,21,254,4,280,0.12983489036560059,0.4637,1.8971,0,1,0,1,1
725,551456,0,benedict_task4,benedict_task4,0,235,1,1,0,1,20,11,73,3,98,0.0041599273681640625,0.0424,0.2031,0,1,0,3,0
725,551456,1,rule_based_agent_0,rule_based_agent,0,235,1,1,0,0,24,11,83,7,101,0.03355908393859863,0.3323,1.9372,0,1,1,3,0
725,551456,2,rule_based_agent_1,rule_based_agent,1,235,10,5,1,0,51,22,208,1,235,0.1825730800628662,0.7769,3.19,0,0,0,1,1
725,551456,3,rule_based_agent_2,rule_based_agent,0,235,2,2,0,1,28,9,96,3,108,0.030803442001342773,0.2852,1.092,0,1,0,2,0
726,551457,0,benedict_task4,benedict_task4,0,240,3,3,0,1,39,19,138,2,173,0.005331516265869141,0.0308,0.1857,0,1,0,3,0
726,551457,1,rule_based_agent_0,rule_based_agent,1,240,5,5,0,0,45,20,214,2,240,0.11097598075866699,0.4624,2.135,0,0,0,2,0
726,551457,2,rule_based_agent_1,rule_based_agent,0,240,0,0,0,0,18,6,43,2,51,0.011354923248291016,0.2226,0.6979,0,1,1,4,0
726,551457,3,rule_based_agent_2,rule_based_agent,0,240,6,1,1,1,22,11,109,2,122,0.03847193717956543,0.3153,1.0958,0,1,0,1,1
727,551458,0,benedict_task4,benedict_task4,0,400,0,0,0,1,21,13,78,1,99,0.0033712387084960938,0.0341,0.1111,0,1,0,4,0
727,551458,1,rule_based_agent_0,rule_based_agent,0,400,3,3,0,1,25,9,102,3,114,0.045093536376953125,0.3956,1.981,0,1,0,1,1
727,551458,2,rule_based_agent_1,rule_based_agent,1,400,3,3,0,0,31,38,353,9,400,0.1641089916229248,0.4103,2.105,0,0,0,1,1
727,551458,3,rule_based_agent_2,rule_based_agent,1,400,3,3,0,0,39,41,346,12,400,0.1639707088470459,0.4099,2.0642,0,0,0,1,1
728,551459,0,benedict_task4,benedict_task4,1,400,3,3,0,0,31,47,294,28,400,0.03842949867248535,0.0961,0.5729,0,0,0,1,1
728,551459,1,rule_based_agent_0,rule_based_agent,0,400,2,2,0,1,34,11,83,8,102,0.03453946113586426,0.3386,1.929,0,1,0,2,0
728,551459,2,rule_based_agent_1,rule_based_agent,0,400,2,2,0,1,29,9,57,5,71,0.015024185180664062,0.2116,0.7267,0,1,0,2,0
728,551459,3,rule_based_agent_2,rule_based_agent,0,400,2,2,0,1,23,20,259,9,294,0.11675572395324707,0.3971,1.884,0,1,0,2,0
729,551460,0,benedict_task4,benedict_task4,0,400,1,1,0,1,34,17,109,2,142,0.006243228912353516,0.044,0.3169,0,1,0,3,0
729,551460,1,rule_based_agent_0,rule_based_agent,1,400,4,4,0,0,30,16,380,4,400,0.26869654655456543,0.6717,1.9619,0,0,0,1,1
729,551460,2,rule_based_agent_1,rule_based_agent,0,400,4,4,0,1,26,10,83,4,97,0.02597332000732422,0.2678,1.0488,0,1,0,1,1
729,551460,3,rule_based_agent_2,rule_based_agent,1,400,0,0,0,0,23,16,379,4,400,0.26615142822265625,0.6654,1.7853,0,0,0,4,0
730,551461,0,benedict_task4,benedict_task4,1,400,3,3,0,0,36,51,285,39,400,0.03207802772521973,0.0802,0.4859,0,0,0,1,1
730,551461,1,rule_based_agent_0,rule_based_agent,0,400,2,2,0,1,25,11,93,4,108,0.0265805721282959,0.2461,1.3969,0,1,0,3,0
730,551461,2,rule_based_agent_1,rule_based_agent,0,400,1,1,0,1,27,9,74,1,84,0.01882624626159668,0.2241,0.6509,0,1,0,4,0
730,551461,3,rule_based_agent_2,rule_based_agent,0,400,3,3,0,1,38,15,194,7,216,0.07734179496765137,0.3581,1.8737,0,1,0,1,1
731,551462,0,benedict_task4,benedict_task4,1,400,7,2,1,0,35,47,300,29,400,0.04729437828063965,0.1182,0.6871,0,0,0,1,1
731,551462,1,rule_based_agent_0,rule_based_agent,0,400,2,2,0,0,24,26,224,12,262,0.11669921875,0.4454,1.822,0,1,1,3,0
731,551462,2,rule_based_agent_1,rule_based_agent,0,400,3,3,0,1,28,25,229,10,264,0.1234736442565918,0.4677,1.8477,0,1,0,2,0
731,551462,3,rule_based_agent_2,rule_based_agent,0,400,2,2,0,1,29,9,71,4,84,0.027320384979248047,0.3252,2.1729,0,1,0,3,0
732,551463,0,benedict_task4,benedict_task4,0,184,3,3,0,1,32,19,135,4,168,0.005089521408081055,0.0303,0.15,0,1,0,2,0
732,551463,1,rule_based_agent_0,rule_based_agent,0,184,2,2,0,1,43,12,107,3,122,0.03340721130371094,0.2738,1.1799,0,1,0,3,0
732,551463,2,rule_based_agent_1,rule_based_agent,0,184,1,1,0,0,19,7,57,2,66,0.014868974685668945,0.2253,0.5322,0,1,1,4,0
732,551463,3,rule_based_agent_2,rule_based_agent,1,184,8,3,1,0,29,12,166,2,184,0.08253860473632812,0.4486,1.95,0,0,0,1,1
733,551464,0,benedict_task4,benedict_task4,0,240,5,5,0,1,39,26,185,3,236,0.009000062942504883,0.0381,0.248,0,1,0,1,1
733,551464,1,rule_based_agent_0,rule_based_agent,1,240,2,2,0,0,43,16,217,2,240,0.10289955139160156,0.4287,2.073,0,0,0,2,0
733,551464,2,rule_based_agent_1,rule_based_agent,0,240,0,0,0,1,15,6,43,2,51,0.011970758438110352,0.2347,0.4327,0,1,0,4,0
733,551464,3,rule_based_agent_2,rule_based_agent,0,240,2,2,0,1,22,9,91,5,105,0.02977275848388672,0.2836,1.4648,0,1,0,2,0
734,551465,0,benedict_task4,benedict_task4,0,322,1,1,0,1,31,15,88,2,119,0.004536151885986328,0.0381,0.2198,0,1,0,3,0
734,551465,1,rule_based_agent_0,rule_based_agent,0,322,1,1,0,1,34,12,112,10,134,0.04423260688781738,0.3301,1.323,0,1,0,3,0
734,551465,2,rule_based_agent_1,rule_based_agent,0,322,2,2,0,1,26,23,239,6,268,0.1343679428100586,0.5014,2.172,0,1,0,2,0
734,551465,3,rule_based_agent_2,rule_based_agent,1,322,10,5,1,0,39,26,284,8,322,0.158355712890625,0.4918,2.0671,0,0,0,1,1
735,551466,0,benedict_task4,benedict_task4,0,354,7,2,1,1,41,38,278,12,346,0.03131437301635742,0.0905,0.633,0,1,0,1,1
735,551466,1,rule_based_agent_0,rule_based_agent,0,354,1,1,0,0,17,20,189,6,215,0.10941052436828613,0.5089,1.8849,0,1,1,4,0
735,551466,2,rule_based_agent_1,rule_based_agent,0,354,2,2,0,1,39,11,95,1,107,0.03208470344543457,0.2999,1.3797,0,1,0,3,0
735,551466,3,rule_based_agent_2,rule_based_agent,1,354,4,4,0,0,31,31,301,10,354,0.18007183074951172,0.5087,2.3103,0,0,0,2,0
736,551467,0,benedict_task4,benedict_task4,1,400,2,2,0,0,39,42,322,9,400,0.040476083755493164,0.1012,0.7472,0,0,0,3,0
736,551467,1,rule_based_agent_0,rule_based_agent,1,400,5,0,1,0,30,39,348,13,400,0.19469976425170898,0.4867,2.09,0,0,0,1,1
736,551467,2,rule_based_agent_1,rule_based_agent,1,400,5,5,0,0,32,36,340,22,400,0.1895434856414795,0.4739,1.8659,0,0,0,1,1
736,551467,3,rule_based_agent_2,rule_based_agent,0,400,2,2,0,1,18,30,291,15,336,0.16154980659484863,0.4808,1.972,0,1,0,3,0
737,551468,0,benedict_task4,benedict_task4,0,241,0,0,0,1,25,8,42,1,58,0.0023822784423828125,0.0411,0.1202,0,1,0,4,0
737,551468,1,rule_based_agent_0,rule_based_agent,0,241,3,3,0,1,28,8,99,3,110,0.05596518516540527,0.5088,2.207,0,1,0,2,0
737,551468,2,rule_based_agent_1,rule_based_agent,1,241,5,5,0,0,55,23,212,2,241,0.15947842597961426,0.6617,2.3179,0,0,0,1,1
737,551468,3,rule_based_agent_2,rule_based_agent,0,241,1,1,0,1,15,7,58,6,71,0.020681381225585938,0.2913,0.731,0,1,0,3,0
738,551469,0,benedict_task4,benedict_task4,0,392,1,1,0,1,37,48,294,7,384,0.03914952278137207,0.102,0.5801,0,1,0,4,0
738,551469,1,rule_based_agent_0,rule_based_agent,1,392,9,4,1,0,32,25,339,11,392,0.2221367359161377,0.5667,2.425,0,0,0,1,1
738,551469,2,rule_based_agent_1,rule_based_agent,0,392,2,2,0,1,32,8,89,5,102,0.03270840644836426,0.3207,0.8512,0,1,0,2,0
738,551469,3,rule_based_agent_2,rule_based_agent,0,392,2,2,0,0,18,7,60,4,71,0.01741170883178711,0.2452,0.715,0,1,1,2,0
739,551470,0,benedict_task4,benedict_task4,1,400,17,7,2,0,41,48,322,4,400,0.039209842681884766,0.098,0.5741,0,0,0,1,1
739,551470,1,rule_based_agent_0,rule_based_agent,1,400,0,0,0,0,32,28,353,11,400,0.20508408546447754,0.5127,1.816,0,0,0,4,0
739,551470,2,rule_based_agent_1,rule_based_agent,0,400,1,1,0,0,20,5,41,1,47,0.011850357055664062,0.2521,0.622,0,1,1,2,0
739,551470,3,rule_based_agent_2,rule_based_agent,0,400,1,1,0,0,32,18,177,5,200,0.08175230026245117,0.4088,2.0151,0,1,1,2,0
740,551471,0,benedict_task4,benedict_task4,0,246,4,4,0,1,32,23,162,2,207,0.010951042175292969,0.0529,0.4721,0,1,0,1,1
740,551471,1,rule_based_agent_0,rule_based_agent,1,246,1,1,0,0,43,22,215,4,246,0.11446881294250488,0.4653,1.972,0,0,0,4,0
740,551471,2,rule_based_agent_1,rule_based_agent,0,246,2,2,0,1,29,16,217,8,242,0.10605859756469727,0.4383,1.8451,0,1,0,2,0
740,551471,3,rule_based_agent_2,rule_based_agent,0,246,2,2,0,1,16,6,50,5,61,0.015843629837036133,0.2597,1.05,0,1,0,2,0
741,551472,0,benedict_task4,benedict_task4,1,400,2,2,0,0,31,47,325,7,400,0.041475772857666016,0.1037,0.6359,0,0,0,3,0
741,551472,1,rule_based_agent_0,rule_based_agent,0,400,9,4,1,1,37,26,231,13,272,0.14072465896606445,0.5174,2.053,0,1,0,1,1
741,551472,2,rule_based_agent_1,rule_based_agent,0,400,2,2,0,0,19,7,46,4,57,0.013294696807861328,0.2332,0.6447,0,1,1,3,0
741,551472,3,rule_based_agent_2,rule_based_agent,1,400,6,1,1,0,31,38,345,12,400,0.18260741233825684,0.4565,2.0328,0,0,0,2,0
742,551473,0,benedict_task4,benedict_task4,0,400,5,5,0,1,28,39,284,11,358,0.03463315963745117,0.0967,0.6332,0,1,0,1,1
742,551473,1,rule_based_agent_0,rule_based_agent,1,400,1,1,0,0,32,32,352,16,400,0.22152280807495117,0.5538,1.9138,0,0,0,3,0
742,551473,2,rule_based_agent_1,rule_based_agent,0,400,1,1,0,1,22,8,68,5,81,0.02392268180847168,0.2953,1.2808,0,1,0,3,0
742,551473,3,rule_based_agent_2,rule_based_agent,1,400,2,2,0,0,36,33,353,14,400,0.22865819931030273,0.5716,2.1141,0,0,0,2,0
743,551474,0,benedict_task4,benedict_task4,0,327,2,2,0,1,27,16,104,5,135,0.0045130252838134766,0.0334,0.196,0,1,0,2,0
743,551474,1,rule_based_agent_0,rule_based_agent,0,327,1,1,0,1,29,29,283,11,323,0.1636502742767334,0.5067,1.9259,0,1,0,3,0
743,551474,2,rule_based_agent_1,rule_based_agent,0,327,1,1,0,1,32,9,73,2,84,0.02368950843811035,0.282,0.9041,0,1,0,3,0
743,551474,3,rule_based_agent_2,rule_based_agent,1,327,5,5,0,0,36,27,292,4,327,0.12049269676208496,0.3685,1.8301,0,0,0,1,1
744,551475,0,benedict_task4,benedict_task4,1,400,6,1,1,0,50,50,302,24,400,0.024764299392700195,0.0619,0.3982,0,0,0,1,1
744,551475,1,rule_based_agent_0,rule_based_agent,0,400,1,1,0,0,20,6,60,2,68,0.016892671585083008,0.2484,0.694,0,1,1,4,0
744,551475,2,rule_based_agent_1,rule_based_agent,0,400,4,4,0,1,18,6,63,3,72,0.016894102096557617,0.2346,0.6092,0,1,0,2,0
744,551475,3,rule_based_agent_2,rule_based_agent,0,400,3,3,0,1,33,14,171,5,190,0.06372666358947754,0.3354,2.281,0,1,0,3,0
745,551476,0,benedict_task4,benedict_task4,1,400,2,2,0,0,32,45,314,10,400,0.034841060638427734,0.0871,0.5329,0,0,0,3,0
745,551476,1,rule_based_agent_0,rule_based_agent,1,400,4,4,0,0,35,29,357,6,400,0.21355748176574707,0.5339,2.0869,0,0,0,1,1
745,551476,2,rule_based_agent_1,rule_based_agent,0,400,3,3,0,1,30,13,133,5,151,0.05332493782043457,0.3531,1.996,0,1,0,2,0
745,551476,3,rule_based_agent_2,rule_based_agent,0,400,0,0,0,1,23,7,39,6,52,0.008875846862792969,0.1707,0.422,0,1,0,4,0
746,551477,0,benedict_task4,benedict_task4,1,400,11,1,2,0,29,44,326,5,400,0.04441714286804199,0.111,0.483,0,0,0,1,1
746,551477,1,rule_based_agent_0,rule_based_agent,0,400,5,5,0,0,26,8,62,1,71,0.014745235443115234,0.2077,0.5672,0,1,1,2,0
746,551477,2,rule_based_agent_1,rule_based_agent,0,400,2,2,0,0,42,15,139,4,158,0.04533219337463379,0.2869,0.7291,0,1,1,3,0
746,551477,3,rule_based_agent_2,rule_based_agent,1,400,1,1,0,0,31,32,350,7,400,0.19611096382141113,0.4903,2.907,0,0,0,4,0
747,551478,0,benedict_task4,benedict_task4,1,400,4,4,0,0,36,45,326,5,400,0.029398202896118164,0.0735,0.541,0,0,0,2,0
747,551478,1,rule_based_agent_0,rule_based_agent,0,400,2,2,0,1,21,9,79,4,92,0.03344416618347168,0.3635,1.559,0,1,0,3,0
747,551478,2,rule_based_agent_1,rule_based_agent,1,400,8,3,1,0,36,30,359,5,400,0.21090197563171387,0.5273,2.336,0,0,0,1,1
747,551478,3,rule_based_agent_2,rule_based_agent,0,400,0,0,0,0,28,10,76,4,90,0.02653026580810547,0.2948,1.5481,0,1,1,4,0
748,551479,0,benedict_task4,benedict_task4,0,313,3,3,0,1,39,34,237,7,309,0.024410247802734375,0.079,0.5081,0,1,0,1,1
748,551479,1,rule_based_agent_0,rule_based_agent,1,313,2,2,0,0,33,29,273,5,313,0.13464021682739258,0.4302,2.3267,0,0,0,2,0
748,551479,2,rule_based_agent_1,rule_based_agent,0,313,2,2,0,1,21,10,101,3,114,0.04189753532409668,0.3675,1.5318,0,1,0,2,0
748,551479,3,rule_based_agent_2,rule_based_agent,0,313,2,2,0,1,31,28,245,12,285,0.14427995681762695,0.5062,2.2581,0,1,0,2,0
749,551480,0,benedict_task4,benedict_task4,0,274,7,2,1,1,36,31,207,4,270,0.01595020294189453,0.0591,0.5219,0,1,0,1,1
749,551480,1,rule_based_agent_0,rule_based_agent,1,274,3,3,0,0,38,22,237,8,274,0.10476899147033691,0.3824,1.9338,0,0,0,2,0
749,551480,2,rule_based_agent_1,rule_based_agent,0,274,3,3,0,0,28,13,165,2,180,0.07121086120605469,0.3956,1.8399,0,1,1,2,0
749,551480,3,rule_based_agent_2,rule_based_agent,0,274,1,1,0,1,14,6,47,5,58,0.014612197875976562,0.2519,0.6881,0,1,0,4,0
750,551481,0,benedict_task4,benedict_task4,1,400,4,4,0,0,41,44,321,7,400,0.03965306282043457,0.0991,1.1988,0,0,0,1,1
750,551481,1,rule_based_agent_0,rule_based_agent,1,400,2,2,0,0,28,30,360,5,400,0.1980454921722412,0.4951,2.3081,0,0,0,3,0
750,551481,2,rule_based_agent_1,rule_based_agent,0,400,0,0,0,1,14,7,71,4,82,0.02354288101196289,0.2871,1.3568,0,1,0,4,0
750,551481,3,rule_based_agent_2,rule_based_agent,0,400,3,3,0,1,41,13,127,4,144,0.03629350662231445,0.252,0.9048,0,1,0,2,0
751,551482,0,benedict_task4,benedict_task4,0,262,5,5,0,1,30,27,201,8,258,0.0212249755859375,0.0823,0.5293,0,1,0,2,0
751,551482,1,rule_based_agent_0,rule_based_agent,0,262,3,3,0,0,27,17,222,4,243,0.12852239608764648,0.5289,1.905,0,1,1,3,0
751,551482,2,rule_based_agent_1,rule_based_agent,1,262,6,1,1,0,33,20,227,9,262,0.11735129356384277,0.4479,1.7898,0,0,0,1,1
751,551482,3,rule_based_agent_2,rule_based_agent,0,262,0,0,0,1,26,9,71,2,82,0.022576570510864258,0.2753,0.8271,0,1,0,4,0
752,551483,0,benedict_task4,benedict_task4,0,400,1,1,0,1,28,13,80,2,107,0.005249977111816406,0.0491,0.212,0,1,0,3,0
752,551483,1,rule_based_agent_0,rule_based_agent,1,400,4,4,0,0,46,23,373,4,400,0.25055718421936035,0.6264,2.0022,0,0,0,1,1
752,551483,2,rule_based_agent_1,rule_based_agent,1,400,3,3,0,0,35,23,370,6,400,0.24437427520751953,0.6109,2.0752,0,0,0,2,0
752,551483,3,rule_based_agent_2,rule_based_agent,0,400,1,1,0,1,13,8,83,3,94,0.02999114990234375,0.3191,0.9329,0,1,0,3,0
753,551484,0,benedict_task4,benedict_task4,0,400,1,1,0,1,25,29,227,3,278,0.029384851455688477,0.1057,0.617,0,1,0,3,0
753,551484,1,rule_based_agent_0,rule_based_agent,1,400,3,3,0,0,25,21,364,15,400,0.26259517669677734,0.6565,2.5339,0,0,0,2,0
753,551484,2,rule_based_agent_1,rule_based_agent,0,400,1,1,0,1,31,22,218,15,255,0.1368417739868164,0.5366,1.9562,0,1,0,3,0
753,551484,3,rule_based_agent_2,rule_based_agent,1,400,4,4,0,0,41,17,379,4,400,0.26817750930786133,0.6704,2.1358,0,0,0,1,1
754,551485,0,benedict_task4,benedict_task4,1,400,5,5,0,0,38,44,320,6,400,0.042176246643066406,0.1054,0.639,0,0,0,2,0
754,551485,1,rule_based_agent_0,rule_based_agent,1,400,2,2,0,0,34,33,353,10,400,0.19004535675048828,0.4751,2.0978,0,0,0,3,0
754,551485,2,rule_based_agent_1,rule_based_agent,0,400,0,0,0,1,30,14,127,9,150,0.043756723403930664,0.2917,2.013,0,1,0,4,0
754,551485,3,rule_based_agent_2,rule_based_agent,0,400,7,2,1,1,28,26,259,14,301,0.13730287551879883,0.4562,2.0399,0,1,0,1,1
755,551486,0,benedict_task4,benedict_task4,0,210,3,3,0,0,28,16,114,2,143,0.006246805191040039,0.0437,0.2511,0,1,1,2,0
755,551486,1,rule_based_agent_0,rule_based_agent,0,210,1,1,0,1,34,12,101,4,117,0.03533172607421875,0.302,0.88,0,1,0,4,0
755,551486,2,rule_based_agent_1,rule_based_agent,0,210,2,2,0,1,34,17,161,5,183,0.0611422061920166,0.3341,1.5643,0,1,0,3,0
755,551486,3,rule_based_agent_2,rule_based_agent,1,210,8,3,1,0,24,19,185,6,210,0.07729530334472656,0.3681,2.2793,0,0,0,1,1
756,551487,0,benedict_task4,benedict_task4,0,259,2,2,0,1,35,19,116,1,157,0.006188869476318359,0.0394,0.1709,0,1,0,3,0
756,551487,1,rule_based_agent_0,rule_based_agent,0,259,1,1,0,1,19,16,137,6,159,0.07848620414733887,0.4936,2.0981,0,1,0,4,0
756,551487,2,rule_based_agent_1,rule_based_agent,0,259,3,3,0,1,35,21,225,9,255,0.1008760929107666,0.3956,2.0289,0,1,0,1,1
756,551487,3,rule_based_agent_2,rule_based_agent,1,259,3,3,0,0,25,20,228,7,259,0.12420439720153809,0.4796,2.248,0,0,0,1,1
757,551488,0,benedict_task4,benedict_task4,1,400,10,5,1,0,39,43,327,6,400,0.04508829116821289,0.1127,0.5424,0,0,0,1,1
757,551488,1,rule_based_agent_0,rule_based_agent,1,400,2,2,0,0,36,36,351,8,400,0.2249135971069336,0.5623,1.9109,0,0,0,2,0
757,551488,2,rule_based_agent_1,rule_based_agent,0,400,0,0,0,1,23,8,53,4,65,0.018845796585083008,0.2899,2.1079,0,1,0,4,0
757,551488,3,rule_based_agent_2,rule_based_agent,0,400,2,2,0,1,28,31,268,14,314,0.14777851104736328,0.4706,1.8167,0,1,0,2,0
758,551489,0,benedict_task4,benedict_task4,0,400,1,1,0,1,11,5,34,0,43,0.0012888908386230469,0.03,0.0949,0,1,0,4,0
758,551489,1,rule_based_agent_0,rule_based_agent,1,400,3,3,0,0,40,36,355,9,400,0.20181941986083984,0.5045,2.0571,0,0,0,2,0
758,551489,2,rule_based_agent_1,rule_based_agent,1,400,6,1,1,0,37,33,357,10,400,0.23112797737121582,0.5778,2.1398,0,0,0,1,1
758,551489,3,rule_based_agent_2,rule_based_agent,0,400,3,3,0,1,37,21,225,11,257,0.12861132621765137,0.5004,2.228,0,1,0,2,0
759,551490,0,benedict_task4,benedict_task4,0,400,3,3,0,1,28,14,96,2,120,0.004348039627075195,0.0362,0.2611,0,1,0,2,0
759,551490,1,rule_based_agent_0,rule_based_agent,0,400,4,4,0,1,44,21,186,10,217,0.0633840560913086,0.2921,1.857,0,1,0,1,1
759,551490,2,rule_based_agent_1,rule_based_agent,1,400,0,0,0,0,9,20,372,5,400,0.27357912063598633,0.6839,1.8799,0,0,0,4,0
759,551490,3,rule_based_agent_2,rule_based_agent,1,400,2,2,0,0,34,22,369,9,400,0.23149394989013672,0.5787,1.9021,0,0,0,3,0
760,551491,0,benedict_task4,benedict_task4,0,400,2,2,0,1,31,10,83,1,105,0.0053157806396484375,0.0506,0.3469,0,1,0,3,0
760,551491,1,rule_based_agent_0,rule_based_agent,1,400,7,2,1,0,26,25,367,7,400,0.2342379093170166,0.5856,1.7977,0,0,0,1,1
760,551491,2,rule_based_agent_1,rule_based_agent,0,400,3,3,0,1,28,12,97,8,117,0.04322981834411621,0.3695,1.8308,0,1,0,2,0
760,551491,3,rule_based_agent_2,rule_based_agent,1,400,2,2,0,0,33,27,368,5,400,0.24039030075073242,0.601,1.8089,0,0,0,3,0
761,551492,0,benedict_task4,benedict_task4,0,236,8,3,1,1,31,15,112,4,145,0.005541086196899414,0.0382,0.1531,0,1,0,1,1
761,551492,1,rule_based_agent_0,rule_based_agent,0,236,0,0,0,1,27,12,81,7,100,0.024427175521850586,0.2443,0.5949,0,1,0,4,0
761,551492,2,rule_based_agent_1,rule_based_agent,1,236,2,2,0,0,37,19,212,1,236,0.1353747844696045,0.5736,1.951,0,0,0,3,0
761,551492,3,rule_based_agent_2,rule_based_agent,0,236,4,4,0,0,29,9,85,5,99,0.024028778076171875,0.2427,0.7048,0,1,1,2,0
762,551493,0,benedict_task4,benedict_task4,0,214,1,1,0,1,14,9,68,3,90,0.003966569900512695,0.0441,0.1731,0,1,0,3,0
762,551493,1,rule_based_agent_0,rule_based_agent,0,214,1,1,0,1,28,9,66,2,77,0.021007776260375977,0.2728,0.875,0,1,0,3,0
762,551493,2,rule_based_agent_1,rule_based_agent,0,214,3,3,0,1,43,12,106,3,121,0.04664802551269531,0.3855,2.0568,0,1,0,2,0
762,551493,3,rule_based_agent_2,rule_based_agent,1,214,4,4,0,0,45,19,190,1,214,0.13203096389770508,0.617,2.0769,0,0,0,1,1
763,551494,0,benedict_task4,benedict_task4,1,400,2,2,0,0,37,48,327,5,400,0.03732895851135254,0.0933,0.6032,0,0,0,2,0
763,551494,1,rule_based_agent_0,rule_based_agent,0,400,2,2,0,1,24,8,69,4,81,0.02239251136779785,0.2765,0.6459,0,1,0,2,0
763,551494,2,rule_based_agent_1,rule_based_agent,0,400,0,0,0,1,33,12,116,6,134,0.04068303108215332,0.3036,1.9169,0,1,0,4,0
763,551494,3,rule_based_agent_2,rule_based_agent,1,400,5,5,0,0,39,28,351,12,400,0.18827176094055176,0.4707,2.0049,0,0,0,1,1
764,551495,0,benedict_task4,benedict_task4,0,400,3,3,0,0,31,15,102,2,133,0.004450798034667969,0.0335,0.175,0,1,1,2,0
764,551495,1,rule_based_agent_0,rule_based_agent,1,400,9,4,1,0,31,35,355,8,400,0.17673254013061523,0.4418,1.9548,0,0,0,1,1
764,551495,2,rule_based_agent_1,rule_based_agent,1,400,1,1,0,0,37,35,354,9,400,0.1848900318145752,0.4622,1.8649,0,0,0,3,0
764,551495,3,rule_based_agent_2,rule_based_agent,0,400,1,1,0,1,30,8,67,4,79,0.023383378982543945,0.296,1.816,0,1,0,3,0
765,551496,0,benedict_task4,benedict_task4,0,400,6,6,0,1,45,32,232,6,296,0.026472806930541992,0.0894,0.6769,0,1,0,1,1
765,551496,1,rule_based_agent_0,rule_based_agent,0,400,2,2,0,0,20,17,162,11,190,0.07207703590393066,0.3794,2.0452,0,1,1,3,0
765,551496,2,rule_based_agent_1,rule_based_agent,1,400,0,0,0,0,29,29,350,18,400,0.2362208366394043,0.5906,1.8618,0,0,0,4,0
765,551496,3,rule_based_agent_2,rule_based_agent,1,400,6,1,1,0,32,34,345,19,400,0.23682570457458496,0.5921,1.915,0,0,0,1,1
766,551497,0,benedict_task4,benedict_task4,1,400,8,3,1,0,44,51,285,27,400,0.037329673767089844,0.0933,0.4599,0,0,0,1,1
766,551497,1,rule_based_agent_0,rule_based_agent,0,400,2,2,0,1,27,12,107,1,120,0.04456186294555664,0.3713,2.3758,0,1,0,4,0
766,551497,2,rule_based_agent_1,rule_based_agent,0,400,6,1,1,1,36,29,287,7,327,0.17592859268188477,0.538,2.243,0,1,0,2,0
766,551497,3,rule_based_agent_2,rule_based_agent,0,400,3,3,0,1,20,18,171,10,199,0.08646988868713379,0.4345,2.3599,0,1,0,3,0
767,551498,0,benedict_task4,benedict_task4,0,250,1,1,0,1,21,7,39,3,55,0.0014338493347167969,0.0261,0.0761,0,1,0,4,0
767,551498,1,rule_based_agent_0,rule_based_agent,0,250,7,2,1,1,30,9,64,6,79,0.016031503677368164,0.2029,0.91,0,1,0,2,0
767,551498,2,rule_based_agent_1,rule_based_agent,0,250,8,3,1,1,18,6,71,2,79,0.014930486679077148,0.189,0.4368,0,1,0,1,1
767,551498,3,rule_based_agent_2,rule_based_agent,1,250,3,3,0,0,52,22,224,0,250,0.12429308891296387,0.4972,2.0411,0,0,0,3,0
768,551499,0,benedict_task4,benedict_task4,0,294,3,3,0,1,34,32,233,5,290,0.028322696685791016,0.0977,0.5581,0,1,0,2,0
768,551499,1,rule_based_agent_0,rule_based_agent,1,294,14,4,2,0,32,24,253,9,294,0.12234711647033691,0.4161,1.9357,0,0,0,1,1
768,551499,2,rule_based_agent_1,rule_based_agent,0,294,1,1,0,0,31,18,159,18,195,0.07178139686584473,0.3681,1.7719,0,1,1,3,0
768,551499,3,rule_based_agent_2,rule_based_agent,0,294,1,1,0,1,29,17,182,7,206,0.07367682456970215,0.3577,1.8008,0,1,0,3,0
769,551500,0,benedict_task4,benedict_task4,0,192,2,2,0,1,32,21,145,3,188,0.016397953033447266,0.0872,0.5829,0,1,0,3,0
769,551500,1,rule_based_agent_0,rule_based_agent,1,192,6,6,0,0,27,16,167,3,192,0.06869173049926758,0.3578,1.7967,0,0,0,1,1
769,551500,2,rule_based_agent_1,rule_based_agent,0,192,0,0,0,0,34,15,128,5,148,0.053381919860839844,0.3607,2.8331,0,1,1,4,0
769,551500,3,rule_based_agent_2,rule_based_agent,0,192,6,1,1,1,27,12,129,7,148,0.05464339256286621,0.3692,1.8892,0,1,0,1,1
770,551501,0,benedict_task4,benedict_task4,1,400,4,4,0,0,29,45,300,28,400,0.04790616035461426,0.1198,0.5579,0,0,0,2,0
770,551501,1,rule_based_agent_0,rule_based_agent,0,400,2,2,0,1,27,26,249,17,294,0.15973186492919922,0.5433,1.9391,0,1,0,3,0
770,551501,2,rule_based_agent_1,rule_based_agent,0,400,6,1,1,1,35,25,229,13,268,0.1297922134399414,0.4843,1.941,0,1,0,1,1
770,551501,3,rule_based_agent_2,rule_based_agent,0,400,2,2,0,1,30,17,198,10,225,0.0960240364074707,0.4268,1.8909,0,1,0,3,0
771,551502,0,benedict_task4,benedict_task4,0,208,3,3,0,1,33,22,161,1,204,0.008687257766723633,0.0426,0.4501,0,1,0,1,1
771,551502,1,rule_based_agent_0,rule_based_agent,0,208,1,1,0,1,23,7,47,3,57,0.011012792587280273,0.1932,0.4709,0,1,0,4,0
771,551502,2,rule_based_agent_1,rule_based_agent,0,208,3,3,0,1,17,12,91,2,105,0.03960442543029785,0.3772,2.1372,0,1,0,1,1
771,551502,3,rule_based_agent_2,rule_based_agent,1,208,2,2,0,0,44,20,183,1,208,0.07579660415649414,0.3644,2.0077,0,0,0,3,0
772,551503,0,benedict_task4,benedict_task4,1,400,10,5,1,0,33,46,302,22,400,0.03244137763977051,0.0811,0.5481,0,0,0,1,1
772,551503,1,rule_based_agent_0,rule_based_agent,0,400,2,2,0,1,35,12,137,4,153,0.040505170822143555,0.2647,1.4942,0,1,0,2,0
772,551503,2,rule_based_agent_1,rule_based_agent,0,400,1,1,0,0,28,8,47,3,58,0.011182546615600586,0.1928,0.7131,0,1,1,3,0
772,551503,3,rule_based_agent_2,rule_based_agent,0,400,1,1,0,1,31,20,275,7,304,0.13106989860534668,0.4312,3.0911,0,1,0,3,0
773,551504,0,benedict_task4,benedict_task4,0,400,3,3,0,1,30,19,122,2,155,0.00550389289855957,0.0355,0.2389,0,1,0,2,0
773,551504,1,rule_based_agent_0,rule_based_agent,1,400,7,2,1,0,31,29,365,5,400,0.20752668380737305,0.5188,1.9047,0,0,0,1,1
773,551504,2,rule_based_agent_1,rule_based_agent,1,400,2,2,0,0,33,30,358,12,400,0.21962475776672363,0.5491,1.9541,0,0,0,3,0
773,551504,3,rule_based_agent_2,rule_based_agent,0,400,2,2,0,1,24,9,77,5,91,0.0220334529876709,0.2421,0.531,0,1,0,3,0
774,551505,0,benedict_task4,benedict_task4,0,226,0,0,0,0,29,11,70,1,92,0.003773927688598633,0.041,0.2179,0,1,1,4,0
774,551505,1,rule_based_agent_0,rule_based_agent,0,226,3,3,0,1,30,16,131,5,152,0.04485464096069336,0.2951,2.121,0,1,0,3,0
774,551505,2,rule_based_agent_1,rule_based_agent,0,226,7,2,1,1,19,13,107,9,129,0.04052448272705078,0.3141,1.4169,0,1,0,1,1
774,551505,3,rule_based_agent_2,rule_based_agent,1,226,4,4,0,0,56,21,200,1,226,0.11172032356262207,0.4943,2.1269,0,0,0,2,0
775,551506,0,benedict_task4,benedict_task4,0,248,1,1,0,1,33,29,193,2,244,0.014191627502441406,0.0582,0.4339,0,1,0,3,0
775,551506,1,rule_based_agent_0,rule_based_agent,0,248,1,1,0,1,34,9,65,4,78,0.020586013793945312,0.2639,0.751,0,1,0,3,0
775,551506,2,rule_based_agent_1,rule_based_agent,0,248,5,5,0,1,25,11,121,6,138,0.04215812683105469,0.3055,1.4529,0,1,0,1,1
775,551506,3,rule_based_agent_2,rule_based_agent,1,248,2,2,0,0,29,19,217,6,248,0.10363221168518066,0.4179,1.9598,0,0,0,2,0
776,551507,0,benedict_task4,benedict_task4,1,400,1,1,0,0,26,51,282,37,400,0.04365849494934082,0.1091,0.4952,0,0,0,4,0
776,551507,1,rule_based_agent_0,rule_based_agent,0,400,3,3,0,1,40,14,131,6,151,0.07300448417663574,0.4835,2.239,0,1,0,1,1
776,551507,2,rule_based_agent_1,rule_based_agent,0,400,2,2,0,1,29,19,222,3,249,0.12701129913330078,0.5101,2.0521,0,1,0,3,0
776,551507,3,rule_based_agent_2,rule_based_agent,0,400,3,3,0,1,26,9,71,5,85,0.02892446517944336,0.3403,1.267,0,1,0,1,1
777,551508,0,benedict_task4,benedict_task4,0,264,0,0,0,1,18,10,59,3,83,0.0026311874389648438,0.0317,0.1042,0,1,0,4,0
777,551508,1,rule_based_agent_0,rule_based_agent,1,264,3,3,0,0,50,22,227,14,264,0.14851737022399902,0.5626,2.279,0,0,0,2,0
777,551508,2,rule_based_agent_1,rule_based_agent,0,264,9,4,1,1,37,19,163,9,191,0.05976605415344238,0.3129,1.2529,0,1,0,1,1
777,551508,3,rule_based_agent_2,rule_based_agent,0,264,2,2,0,0,20,18,164,9,191,0.06474733352661133,0.339,2.1203,0,1,1,3,0
778,551509,0,benedict_task4,benedict_task4,1,400,6,1,1,0,38,47,317,8,400,0.04402875900268555,0.1101,0.5639,0,0,0,1,1
778,551509,1,rule_based_agent_0,rule_based_agent,0,400,3,3,0,0,30,16,175,8,199,0.08171653747558594,0.4106,1.966,0,1,1,2,0
778,551509,2,rule_based_agent_1,rule_based_agent,0,400,2,2,0,1,26,7,56,3,66,0.018066883087158203,0.2737,0.8469,0,1,0,4,0
778,551509,3,rule_based_agent_2,rule_based_agent,1,400,3,3,0,0,30,32,351,9,400,0.24101758003234863,0.6025,2.001,0,0,0,2,0
779,551510,0,benedict_task4,benedict_task4,0,232,1,1,0,1,15,8,41,1,61,0.0015912055969238281,0.0261,0.0541,0,1,0,4,0
779,551510,1,rule_based_agent_0,rule_based_agent,1,232,2,2,0,0,30,20,204,4,232,0.13421249389648438,0.5785,1.919,0,0,0,2,0
779,551510,2,rule_based_agent_1,rule_based_agent,0,232,2,2,0,1,38,15,138,4,157,0.04976820945739746,0.317,1.5249,0,1,0,2,0
779,551510,3,rule_based_agent_2,rule_based_agent,0,232,4,4,0,1,36,14,141,2,157,0.0503997802734375,0.321,1.683,0,1,0,1,1
780,551511,0,benedict_task4,benedict_task4,0,400,1,1,0,1,18,7,46,1,62,0.0018634796142578125,0.0301,0.0758,0,1,0,3,0
780,551511,1,rule_based_agent_0,rule_based_agent,0,400,1,1,0,1,30,16,147,7,170,0.05486345291137695,0.3227,2.178,0,1,0,3,0
780,551511,2,rule_based_agent_1,rule_based_agent,1,400,4,4,0,0,52,34,355,11,400,0.17855525016784668,0.4464,2.2759,0,0,0,1,1
780,551511,3,rule_based_agent_2,rule_based_agent,1,400,3,3,0,0,18,31,354,15,400,0.19627642631530762,0.4907,2.0113,0,0,0,2,0
781,551512,0,benedict_task4,benedict_task4,1,400,6,1,1,0,30,50,315,9,400,0.04056692123413086,0.1014,0.5221,0,0,0,2,0
781,551512,1,rule_based_agent_0,rule_based_agent,0,400,3,3,0,1,27,9,77,2,88,0.02602982521057129,0.2958,2.0437,0,1,0,3,0
781,551512,2,rule_based_agent_1,rule_based_agent,1,400,12,2,2,0,37,30,353,8,400,0.22343659400939941,0.5586,2.3291,0,0,0,1,1
781,551512,3,rule_based_agent_2,rule_based_agent,0,400,3,3,0,1,34,11,116,3,130,0.04201650619506836,0.3232,1.2679,0,1,0,3,0
782,551513,0,benedict_task4,benedict_task4,1,400,1,1,0,0,29,49,317,6,400,0.0317234992980957,0.0793,0.5181,0,0,0,2,0
782,551513,1,rule_based_agent_0,rule_based_agent,0,400,1,1,0,1,35,14,127,9,150,0.050203561782836914,0.3347,1.5218,0,1,0,2,0
782,551513,2,rule_based_agent_1,rule_based_agent,1,400,1,1,0,0,25,28,357,7,400,0.20310258865356445,0.5078,1.9526,0,0,0,2,0
782,551513,3,rule_based_agent_2,rule_based_agent,0,400,6,6,0,1,32,12,91,4,107,0.02954578399658203,0.2761,1.3649,0,1,0,1,1
783,551514,0,benedict_task4,benedict_task4,0,311,2,2,0,1,27,12,76,0,97,0.00344085693359375,0.0355,0.1242,0,1,0,2,0
783,551514,1,rule_based_agent_0,rule_based_agent,0,311,2,2,0,1,22,7,53,3,63,0.017382383346557617,0.2759,0.747,0,1,0,2,0
783,551514,2,rule_based_agent_1,rule_based_agent,1,311,2,2,0,0,43,28,276,3,311,0.18543434143066406,0.5963,1.873,0,0,0,2,0
783,551514,3,rule_based_agent_2,rule_based_agent,0,311,8,3,1,1,29,20,195,10,225,0.10181212425231934,0.4525,1.9908,0,1,0,1,1
784,551515,0,benedict_task4,benedict_task4,1,400,3,3,0,0,31,43,321,8,400,0.03583526611328125,0.0896,0.5379,0,0,0,2,0
784,551515,1,rule_based_agent_0,rule_based_agent,0,400,2,2,0,1,42,18,145,10,173,0.06280517578125,0.363,1.9541,0,1,0,3,0
784,551515,2,rule_based_agent_1,rule_based_agent,0,400,2,2,0,1,24,31,279,10,320,0.14014220237731934,0.4379,1.9569,0,1,0,3,0
784,551515,3,rule_based_agent_2,rule_based_agent,1,400,7,2,1,0,25,38,343,15,400,0.19690513610839844,0.4923,1.9169,0,0,0,1,1
785,551516,0,benedict_task4,benedict_task4,0,231,2,2,0,1,29,19,124,1,158,0.005788087844848633,0.0366,0.1788,0,1,0,2,0
785,551516,1,rule_based_agent_0,rule_based_agent,1,231,3,3,0,0,31,15,210,2,231,0.13190722465515137,0.571,2.0909,0,0,0,1,1
785,551516,2,rule_based_agent_1,rule_based_agent,0,231,2,2,0,1,42,12,102,5,119,0.028966426849365234,0.2434,0.905,0,1,0,2,0
785,551516,3,rule_based_agent_2,rule_based_agent,0,231,2,2,0,1,26,8,69,3,80,0.022158145904541016,0.277,1.832,0,1,0,2,0
786,551517,0,benedict_task4,benedict_task4,0,277,1,1,0,1,7,15,112,0,129,0.004503726959228516,0.0349,0.0911,0,1,0,3,0
786,551517,1,rule_based_agent_0,rule_based_agent,0,277,0,0,0,0,28,9,75,5,89,0.02947521209716797,0.3312,1.0791,0,1,1,4,0
786,551517,2,rule_based_agent_1,rule_based_agent,1,277,11,6,1,0,51,25,246,2,277,0.1941826343536377,0.701,2.2159,0,0,0,1,1
786,551517,3,rule_based_agent_2,rule_based_agent,0,277,2,2,0,1,39,11,115,4,130,0.0431971549987793,0.3323,0.875,0,1,0,2,0
787,551518,0,benedict_task4,benedict_task4,1,400,3,3,0,0,39,47,309,6,400,0.03898811340332031,0.0975,0.5271,0,0,0,1,1
787,551518,1,rule_based_agent_0,rule_based_agent,0,400,3,3,0,1,32,27,200,13,240,0.08556509017944336,0.3565,1.785,0,1,0,1,1
787,551518,2,rule_based_agent_1,rule_based_agent,0,400,2,2,0,1,33,11,105,3,119,0.0444941520690918,0.3739,1.821,0,1,0,3,0
787,551518,3,rule_based_agent_2,rule_based_agent,1,400,1,1,0,0,25,39,340,13,400,0.2083890438079834,0.521,1.8473,0,0,0,4,0
788,551519,0,benedict_task4,benedict_task4,0,400,0,0,0,1,23,8,46,1,63,0.002009153366088867,0.0319,0.1321,0,1,0,4,0
788,551519,1,rule_based_agent_0,rule_based_agent,0,400,2,2,0,1,17,7,59,4,70,0.0215456485748291,0.3078,1.1899,0,1,0,3,0
788,551519,2,rule_based_agent_1,rule_based_agent,1,400,3,3,0,0,43,38,345,17,400,0.2308974266052246,0.5772,2.1021,0,0,0,2,0
788,551519,3,rule_based_agent_2,rule_based_agent,1,400,9,4,1,0,48,38,353,8,400,0.19254398345947266,0.4814,2.1091,0,0,0,1,1
789,551520,0,benedict_task4,benedict_task4,0,400,2,2,0,1,22,9,62,1,80,0.0023851394653320312,0.0298,0.1202,0,1,0,2,0
789,551520,1,rule_based_agent_0,rule_based_agent,1,400,2,2,0,0,56,36,353,11,400,0.20103693008422852,0.5026,1.9929,0,0,0,2,0
789,551520,2,rule_based_agent_1,rule_based_agent,0,400,2,2,0,1,20,6,49,3,58,0.012309789657592773,0.2122,0.551,0,1,0,2,0
789,551520,3,rule_based_agent_2,rule_based_agent,1,400,3,3,0,0,32,34,354,12,400,0.20814800262451172,0.5204,2.0049,0,0,0,1,1
790,551521,0,benedict_task4,benedict_task4,0,253,0,0,0,1,26,13,87,2,110,0.0067806243896484375,0.0616,0.231,0,1,0,4,0
790,551521,1,rule_based_agent_0,rule_based_agent,0,253,2,2,0,1,15,5,44,1,50,0.013179540634155273,0.2636,0.7021,0,1,0,2,0
790,551521,2,rule_based_agent_1,rule_based_agent,1,253,6,6,0,0,61,22,224,3,253,0.17127680778503418,0.677,2.3103,0,0,0,1,1
790,551521,3,rule_based_agent_2,rule_based_agent,0,253,1,1,0,1,29,11,103,8,122,0.04463601112365723,0.3659,1.3509,0,1,0,3,0
791,551522,0,benedict_task4,benedict_task4,0,400,1,1,0,0,32,14,120,2,145,0.008625268936157227,0.0595,0.2391,0,1,1,4,0
791,551522,1,rule_based_agent_0,rule_based_agent,1,400,3,3,0,0,29,20,371,9,400,0.2507650852203369,0.6269,2.753,0,0,0,2,0
791,551522,2,rule_based_agent_1,rule_based_agent,0,400,8,3,1,1,31,16,153,7,176,0.07280659675598145,0.4137,2.835,0,1,0,1,1
791,551522,3,rule_based_agent_2,rule_based_agent,1,400,2,2,0,0,36,20,372,8,400,0.2548668384552002,0.6372,2.007,0,0,0,3,0
792,551523,0,benedict_task4,benedict_task4,0,400,7,2,1,1,26,12,77,1,100,0.0037839412689208984,0.0378,0.159,0,1,0,1,1
792,551523,1,rule_based_agent_0,rule_based_agent,0,400,4,4,0,0,36,9,90,1,100,0.029532432556152344,0.2953,0.8073,0,1,1,2,0
792,551523,2,rule_based_agent_1,rule_based_agent,1,400,1,1,0,0,30,19,374,7,400,0.29210829734802246,0.7303,2.1429,0,0,0,4,0
792,551523,3,rule_based_agent_2,rule_based_agent,1,400,2,2,0,0,29,18,379,3,400,0.29528093338012695,0.7382,2.079,0,0,0,3,0
793,551524,0,benedict_task4,benedict_task4,1,400,0,0,0,0,28,47,326,7,400,0.04567217826843262,0.1142,0.67,0,0,0,3,0
793,551524,1,rule_based_agent_0,rule_based_agent,0,400,0,0,0,1,28,17,131,9,157,0.04194951057434082,0.2672,1.4749,0,1,0,3,0
793,551524,2,rule_based_agent_1,rule_based_agent,1,400,16,6,2,0,34,31,346,13,400,0.20526409149169922,0.5132,2.0092,0,0,0,1,1
793,551524,3,rule_based_agent_2,rule_based_agent,0,400,3,3,0,1,33,21,169,14,205,0.09168052673339844,0.4472,1.986,0,1,0,2,0
794,551525,0,benedict_task4,benedict_task4,0,400,2,2,0,1,15,10,65,0,81,0.0023479461669921875,0.029,0.109,0,1,0,3,0
794,551525,1,rule_based_agent_0,rule_based_agent,0,400,3,3,0,1,51,34,277,15,326,0.1570603847503662,0.4818,2.0211,0,1,0,2,0
794,551525,2,rule_based_agent_1,rule_based_agent,1,400,7,2,1,0,27,35,351,14,400,0.20473480224609375,0.5118,2.1591,0,0,0,1,1
794,551525,3,rule_based_agent_2,rule_based_agent,1,400,2,2,0,0,32,33,342,25,400,0.20802545547485352,0.5201,2.0328,0,0,0,3,0
795,551526,0,benedict_task4,benedict_task4,1,400,9,4,1,0,48,49,314,7,400,0.03696775436401367,0.0924,0.4601,0,0,0,1,1
795,551526,1,rule_based_agent_0,rule_based_agent,0,400,1,1,0,0,23,10,85,6,101,0.02914142608642578,0.2885,0.875,0,1,1,4,0
795,551526,2,rule_based_agent_1,rule_based_agent,0,400,2,2,0,1,16,11,103,3,117,0.04621577262878418,0.395,2.1961,0,1,0,3,0
795,551526,3,rule_based_agent_2,rule_based_agent,1,400,7,2,1,0,39,28,356,6,400,0.20924687385559082,0.5231,2.2669,0,0,0,2,0
796,551527,0,benedict_task4,benedict_task4,0,400,3,3,0,0,19,15,87,4,114,0.005895137786865234,0.0517,0.2899,0,1,1,2,0
796,551527,1,rule_based_agent_0,rule_based_agent,0,400,2,2,0,1,25,21,265,15,301,0.13071799278259277,0.4343,1.9429,0,1,0,3,0
796,551527,2,rule_based_agent_1,rule_based_agent,1,400,12,2,2,0,38,38,348,14,400,0.20512890815734863,0.5128,2.8651,0,0,0,1,1
796,551527,3,rule_based_agent_2,rule_based_agent,1,400,2,2,0,0,30,37,348,15,400,0.1982271671295166,0.4956,2.0001,0,0,0,3,0
797,551528,0,benedict_task4,benedict_task4,1,400,8,3,1,0,33,49,282,41,400,0.03261160850524902,0.0815,0.4761,0,0,0,1,1
797,551528,1,rule_based_agent_0,rule_based_agent,0,400,1,1,0,1,24,14,133,9,156,0.04223299026489258,0.2707,1.1609,0,1,0,3,0
797,551528,2,rule_based_agent_1,rule_based_agent,0,400,0,0,0,1,35,14,125,4,143,0.04994463920593262,0.3493,1.545,0,1,0,4,0
797,551528,3,rule_based_agent_2,rule_based_agent,0,400,5,5,0,1,35,10,88,5,103,0.023723602294921875,0.2303,0.8471,0,1,0,2,0
798,551529,0,benedict_task4,benedict_task4,0,332,2,2,0,1,33,38,265,5,328,0.03566884994506836,0.1087,0.6258,0,1,0,3,0
798,551529,1,rule_based_agent_0,rule_based_agent,0,332,3,3,0,0,36,20,179,8,207,0.09356474876403809,0.452,1.858,0,1,1,2,0
798,551529,2,rule_based_agent_1,rule_based_agent,0,332,0,0,0,1,25,19,185,10,214,0.08860254287719727,0.414,1.7607,0,1,0,4,0
798,551529,3,rule_based_agent_2,rule_based_agent,1,332,9,4,1,0,24,22,293,7,332,0.17589282989501953,0.5298,1.7941,0,0,0,1,1
799,551530,0,benedict_task4,benedict_task4,0,260,6,6,0,1,35,26,191,4,233,0.010684013366699219,0.0459,0.2561,0,1,0,1,1
799,551530,1,rule_based_agent_0,rule_based_agent,0,260,1,1,0,1,40,12,109,4,125,0.03718996047973633,0.2975,1.0591,0,1,0,3,0
799,551530,2,rule_based_agent_1,rule_based_agent,0,260,0,0,0,1,22,7,60,1,68,0.019469499588012695,0.2863,0.9344,0,1,0,4,0
799,551530,3,rule_based_agent_2,rule_based_agent,1,260,2,2,0,0,34,17,238,1,260,0.1354358196258545,0.5209,2.0132,0,0,0,2,0
800,551531,0,benedict_task4,benedict_task4,1,400,5,5,0,0,30,44,324,5,400,0.042766571044921875,0.1069,0.5798,0,0,0,2,0
800,551531,1,rule_based_agent_0,rule_based_agent,1,400,8,3,1,0,42,36,348,13,400,0.1916215419769287,0.4791,1.9488,0,0,0,1,1
800,551531,2,rule_based_agent_1,rule_based_agent,0,400,0,0,0,1,24,23,199,12,234,0.08617091178894043,0.3683,2.0008,0,1,0,4,0
800,551531,3,rule_based_agent_2,rule_based_agent,0,400,1,1,0,1,22,29,278,22,331,0.1527855396270752,0.4616,1.9009,0,1,0,3,0
801,551532,0,benedict_task4,benedict_task4,0,328,3,3,0,1,31,12,81,1,107,0.003529071807861328,0.033,0.0808,0,1,0,3,0
801,551532,1,rule_based_agent_0,rule_based_agent,1,328,5,0,1,0,40,35,270,15,328,0.17765140533447266,0.5416,2.0711,0,0,0,2,0
801,551532,2,rule_based_agent_1,rule_based_agent,0,328,3,3,0,0,31,12,121,3,136,0.04732108116149902,0.3479,2.049,0,1,1,3,0
801,551532,3,rule_based_agent_2,rule_based_agent,0,328,8,3,1,0,25,34,274,12,322,0.1619718074798584,0.503,2.2669,0,1,1,1,1
802,551533,0,benedict_task4,benedict_task4,0,400,5,5,0,1,30,21,146,3,189,0.007444143295288086,0.0394,0.226,0,1,0,1,1
802,551533,1,rule_based_agent_0,rule_based_agent,1,400,2,2,0,0,35,21,374,5,400,0.2520871162414551,0.6302,1.8487,0,0,0,2,0
802,551533,2,rule_based_agent_1,rule_based_agent,1,400,1,1,0,0,24,17,375,8,400,0.24502992630004883,0.6126,1.8728,0,0,0,3,0
802,551533,3,rule_based_agent_2,rule_based_agent,0,400,1,1,0,1,29,18,213,6,237,0.08656620979309082,0.3653,1.7521,0,1,0,3,0
803,551534,0,benedict_task4,benedict_task4,1,400,8,3,1,0,25,48,319,5,400,0.04752779006958008,0.1188,0.5069,0,0,0,1,1
803,551534,1,rule_based_agent_0,rule_based_agent,1,400,6,1,1,0,35,27,350,11,400,0.20875287055969238,0.5219,1.7471,0,0,0,2,0
803,551534,2,rule_based_agent_1,rule_based_agent,0,400,2,2,0,1,27,16,153,6,175,0.08594870567321777,0.4911,2.116,0,1,0,4,0
803,551534,3,rule_based_agent_2,rule_based_agent,0,400,3,3,0,0,28,11,119,2,132,0.05177426338195801,0.3922,1.9031,0,1,1,3,0
804,551535,0,benedict_task4,benedict_task4,1,400,3,3,0,0,29,48,317,8,400,0.04604339599609375,0.1151,0.5322,0,0,0,2,0
804,551535,1,rule_based_agent_0,rule_based_agent,0,400,1,1,0,0,37,20,212,6,238,0.14032483100891113,0.5896,1.9777,0,1,1,3,0
804,551535,2,rule_based_agent_1,rule_based_agent,0,400,0,0,0,0,17,6,41,2,49,0.011642217636108398,0.2376,0.5667,0,1,1,4,0
804,551535,3,rule_based_agent_2,rule_based_agent,1,400,15,5,2,0,45,32,342,16,400,0.227708101272583,0.5693,2.063,0,0,0,1,1
805,551536,0,benedict_task4,benedict_task4,0,253,2,2,0,1,32,17,103,1,136,0.004135847091674805,0.0304,0.1242,0,1,0,3,0
805,551536,1,rule_based_agent_0,rule_based_agent,0,253,3,3,0,1,21,7,58,3,68,0.014221906661987305,0.2091,0.4988,0,1,0,2,0
805,551536,2,rule_based_agent_1,rule_based_agent,1,253,4,4,0,0,48,19,230,0,253,0.13145971298217773,0.5196,1.9219,0,0,0,1,1
805,551536,3,rule_based_agent_2,rule_based_agent,0,253,0,0,0,1,21,5,35,5,45,0.009675264358520508,0.215,0.5391,0,1,0,4,0
806,551537,0,benedict_task4,benedict_task4,1,270,4,4,0,0,42,29,217,4,270,0.009354591369628906,0.0346,0.222,0,0,0,1,1
806,551537,1,rule_based_agent_0,rule_based_agent,0,270,2,2,0,1,27,8,63,5,76,0.020729780197143555,0.2728,0.874,0,1,0,2,0
806,551537,2,rule_based_agent_1,rule_based_agent,0,270,1,1,0,1,21,10,101,3,114,0.03256392478942871,0.2856,1.0939,0,1,0,4,0
806,551537,3,rule_based_agent_2,rule_based_agent,0,270,2,2,0,1,37,20,223,8,251,0.09312748908996582,0.371,1.9567,0,1,0,2,0
807,551538,0,benedict_task4,benedict_task4,0,400,2,2,0,1,18,7,49,1,66,0.001962423324584961,0.0297,0.082,0,1,0,2,0
807,551538,1,rule_based_agent_0,rule_based_agent,0,400,2,2,0,1,31,16,151,12,179,0.07071876525878906,0.3951,2.0113,0,1,0,2,0
807,551538,2,rule_based_agent_1,rule_based_agent,1,400,8,3,1,0,31,31,356,13,400,0.20427751541137695,0.5107,2.0599,0,0,0,1,1
807,551538,3,rule_based_agent_2,rule_based_agent,1,400,2,2,0,0,42,30,363,7,400,0.2159106731414795,0.5398,1.9689,0,0,0,2,0
808,551539,0,benedict_task4,benedict_task4,0,220,2,2,0,0,29,14,81,2,110,0.0037355422973632812,0.034,0.1392,0,1,1,3,0
808,551539,1,rule_based_agent_0,rule_based_agent,0,220,1,1,0,1,22,9,89,4,102,0.02796316146850586,0.2741,0.9398,0,1,0,4,0
808,551539,2,rule_based_agent_1,rule_based_agent,0,220,5,0,1,1,41,16,135,4,155,0.061342716217041016,0.3958,1.9608,0,1,0,2,0
808,551539,3,rule_based_agent_2,rule_based_agent,1,220,11,6,1,0,38,19,194,3,220,0.10167670249938965,0.4622,2.1019,0,0,0,1,1
809,551540,0,benedict_task4,benedict_task4,0,223,2,2,0,1,34,18,124,0,162,0.005702495574951172,0.0352,0.2129,0,1,0,2,0
809,551540,1,rule_based_agent_0,rule_based_agent,1,223,4,4,0,0,46,18,196,5,223,0.0870656967163086,0.3904,1.8311,0,0,0,1,1
809,551540,2,rule_based_agent_1,rule_based_agent,0,223,2,2,0,1,23,7,63,3,73,0.01807260513305664,0.2476,0.668,0,1,0,2,0
809,551540,3,rule_based_agent_2,rule_based_agent,0,223,1,1,0,1,23,6,43,6,55,0.012727499008178711,0.2314,1.0829,0,1,0,4,0
810,551541,0,benedict_task4,benedict_task4,0,320,3,3,0,1,38,35,252,5,316,0.030755043029785156,0.0973,0.663,0,1,0,1,1
810,551541,1,rule_based_agent_0,rule_based_agent,1,320,2,2,0,0,26,24,279,10,320,0.17502117156982422,0.5469,1.7612,0,0,0,2,0
810,551541,2,rule_based_agent_1,rule_based_agent,0,320,2,2,0,1,26,22,241,13,276,0.13263201713562012,0.4806,1.9159,0,1,0,2,0
810,551541,3,rule_based_agent_2,rule_based_agent,0,320,2,2,0,1,38,11,79,5,95,0.02266097068786621,0.2385,0.9601,0,1,0,2,0
811,551542,0,benedict_task4,benedict_task4,0,328,1,1,0,1,43,39,256,4,320,0.032469749450683594,0.1015,0.5047,0,1,0,4,0
811,551542,1,rule_based_agent_0,rule_based_agent,0,328,7,2,1,1,30,11,86,3,100,0.02623748779296875,0.2624,0.6692,0,1,0,1,1
811,551542,2,rule_based_agent_1,rule_based_agent,1,328,4,4,0,0,30,23,283,7,328,0.16895079612731934,0.5151,2.0051,0,0,0,2,0
811,551542,3,rule_based_agent_2,rule_based_agent,0,328,2,2,0,0,22,10,85,5,100,0.027216672897338867,0.2722,1.1108,0,1,1,3,0
812,551543,0,benedict_task4,benedict_task4,1,400,10,5,1,0,41,43,324,1,400,0.03425168991088867,0.0856,0.5939,0,0,0,1,1
812,551543,1,rule_based_agent_0,rule_based_agent,1,400,1,1,0,0,22,34,343,19,400,0.1812591552734375,0.4531,1.9038,0,0,0,4,0
812,551543,2,rule_based_agent_1,rule_based_agent,0,400,3,3,0,1,17,6,52,3,61,0.01757979393005371,0.2882,0.8712,0,1,0,3,0
812,551543,3,rule_based_agent_2,rule_based_agent,0,400,5,0,1,1,39,36,301,21,358,0.17600226402282715,0.4916,2.07,0,1,0,2,0
813,551544,0,benedict_task4,benedict_task4,0,322,4,4,0,1,30,30,220,3,270,0.018638134002685547,0.069,0.4139,0,1,0,2,0
813,551544,1,rule_based_agent_0,rule_based_agent,0,322,1,1,0,0,21,19,185,10,214,0.08052468299865723,0.3763,2.2569,0,1,1,4,0
813,551544,2,rule_based_agent_1,rule_based_agent,1,322,6,1,1,0,37,29,285,3,322,0.15243864059448242,0.4734,1.9028,0,0,0,1,1
813,551544,3,rule_based_agent_2,rule_based_agent,0,322,3,3,0,1,34,28,270,15,316,0.12522053718566895,0.3963,2.0759,0,1,0,3,0
814,551545,0,benedict_task4,benedict_task4,0,350,5,5,0,1,29,42,279,3,346,0.03555560111999512,0.1028,0.6802,0,1,0,2,0
814,551545,1,rule_based_agent_0,rule_based_agent,0,350,3,3,0,0,25,23,247,9,279,0.17212867736816406,0.6169,2.012,0,1,1,3,0
814,551545,2,rule_based_agent_1,rule_based_agent,0,350,0,0,0,1,26,10,91,2,103,0.02835679054260254,0.2753,0.9232,0,1,0,4,0
814,551545,3,rule_based_agent_2,rule_based_agent,1,350,6,1,1,0,48,29,291,21,350,0.19576311111450195,0.5593,1.9219,0,0,0,1,1
815,551546,0,benedict_task4,benedict_task4,0,291,3,3,0,1,26,30,229,5,287,0.025927305221557617,0.0903,0.6196,0,1,0,1,1
815,551546,1,rule_based_agent_0,rule_based_agent,0,291,2,2,0,1,21,25,211,8,244,0.11494660377502441,0.4711,2.008,0,1,0,3,0
815,551546,2,rule_based_agent_1,rule_based_agent,1,291,1,1,0,0,36,27,243,14,291,0.12710785865783691,0.4368,2.0149,0,0,0,4,0
815,551546,3,rule_based_agent_2,rule_based_agent,0,291,3,3,0,1,32,15,121,10,146,0.04639077186584473,0.3177,1.8132,0,1,0,1,1
816,551547,0,benedict_task4,benedict_task4,0,400,1,1,0,1,17,10,70,1,86,0.003296375274658203,0.0383,0.1273,0,1,0,4,0
816,551547,1,rule_based_agent_0,rule_based_agent,1,400,2,2,0,0,27,33,352,15,400,0.22700023651123047,0.5675,2.089,0,0,0,2,0
816,551547,2,rule_based_agent_1,rule_based_agent,1,400,9,4,1,0,39,35,361,4,400,0.20752930641174316,0.5188,2.0113,0,0,0,1,1
816,551547,3,rule_based_agent_2,rule_based_agent,0,400,2,2,0,1,46,15,119,4,138,0.053026676177978516,0.3843,2.0087,0,1,0,2,0
817,551548,0,benedict_task4,benedict_task4,0,400,7,2,1,1,34,27,207,8,260,0.019489288330078125,0.075,0.4549,0,1,0,1,1
817,551548,1,rule_based_agent_0,rule_based_agent,0,400,1,1,0,0,38,17,143,9,169,0.06446409225463867,0.3814,1.6651,0,1,1,3,0
817,551548,2,rule_based_agent_1,rule_based_agent,1,400,5,5,0,0,27,21,372,6,400,0.2699086666107178,0.6748,2.1789,0,0,0,2,0
817,551548,3,rule_based_agent_2,rule_based_agent,1,400,1,1,0,0,28,26,365,9,400,0.24123358726501465,0.6031,1.8837,0,0,0,3,0
818,551549,0,benedict_task4,benedict_task4,1,400,8,3,1,0,42,46,315,6,400,0.042046546936035156,0.1051,0.5889,0,0,0,1,1
818,551549,1,rule_based_agent_0,rule_based_agent,0,400,1,1,0,1,22,19,221,6,246,0.1034247875213623,0.4204,1.9808,0,1,0,3,0
818,551549,2,rule_based_agent_1,rule_based_agent,1,400,1,1,0,0,24,33,346,15,400,0.23016738891601562,0.5754,2.0468,0,0,0,3,0
818,551549,3,rule_based_agent_2,rule_based_agent,0,400,4,4,0,1,35,30,337,14,382,0.1630561351776123,0.4268,1.8501,0,1,0,2,0
819,551550,0,benedict_task4,benedict_task4,1,400,11,6,1,0,35,42,324,6,400,0.04372549057006836,0.1093,0.6959,0,0,0,1,1
819,551550,1,rule_based_agent_0,rule_based_agent,1,400,2,2,0,0,33,37,338,24,400,0.19342517852783203,0.4836,2.6591,0,0,0,2,0
819,551550,2,rule_based_agent_1,rule_based_agent,1,400,0,0,0,0,32,36,345,17,400,0.17921829223632812,0.448,2.0771,0,0,0,4,0
819,551550,3,rule_based_agent_2,rule_based_agent,0,400,1,1,0,0,24,9,83,4,96,0.037485361099243164,0.3905,2.1491,0,1,1,3,0
820,551551,0,benedict_task4,benedict_task4,1,400,3,3,0,0,30,41,314,13,400,0.04755592346191406,0.1189,0.5531,0,0,0,1,1
820,551551,1,rule_based_agent_0,rule_based_agent,1,400,1,1,0,0,30,32,353,10,400,0.2135028839111328,0.5338,1.92,0,0,0,4,0
820,551551,2,rule_based_agent_1,rule_based_agent,0,400,3,3,0,1,26,24,243,12,280,0.13220667839050293,0.4722,1.8728,0,1,0,1,1
820,551551,3,rule_based_agent_2,rule_based_agent,0,400,2,2,0,1,32,15,161,7,183,0.05636858940124512,0.308,1.734,0,1,0,3,0
821,551552,0,benedict_task4,benedict_task4,0,252,4,4,0,1,26,27,203,2,248,0.02376580238342285,0.0958,0.6821,0,1,0,2,0
821,551552,1,rule_based_agent_0,rule_based_agent,0,252,3,3,0,0,35,18,145,7,170,0.05974173545837402,0.3514,1.9391,0,1,1,3,0
821,551552,2,rule_based_agent_1,rule_based_agent,0,252,1,1,0,1,33,19,179,12,212,0.09831023216247559,0.4637,1.919,0,1,0,4,0
821,551552,3,rule_based_agent_2,rule_based_agent,1,252,6,1,1,0,29,20,217,7,252,0.12245988845825195,0.486,1.987,0,0,0,1,1
822,551553,0,benedict_task4,benedict_task4,0,400,2,2,0,1,32,33,242,11,303,0.027030467987060547,0.0892,0.6249,0,1,0,2,0
822,551553,1,rule_based_agent_0,rule_based_agent,1,400,0,0,0,0,34,25,367,7,400,0.23065805435180664,0.5766,1.9832,0,0,0,4,0
822,551553,2,rule_based_agent_1,rule_based_agent,0,400,2,2,0,1,23,7,49,3,59,0.01107025146484375,0.1876,0.6232,0,1,0,2,0
822,551553,3,rule_based_agent_2,rule_based_agent,1,400,5,5,0,0,31,24,366,10,400,0.22842860221862793,0.5711,1.9319,0,0,0,1,1
823,551554,0,benedict_task4,benedict_task4,0,314,5,5,0,1,29,31,222,8,276,0.02480792999267578,0.0899,0.69,0,1,0,2,0
823,551554,1,rule_based_agent_0,rule_based_agent,0,314,3,3,0,1,26,21,189,11,221,0.101776123046875,0.4605,2.0082,0,1,0,4,0
823,551554,2,rule_based_agent_1,rule_based_agent,0,314,5,0,1,1,35,27,266,10,308,0.15310025215148926,0.4971,1.9379,0,1,0,2,0
823,551554,3,rule_based_agent_2,rule_based_agent,1,314,6,1,1,0,31,31,267,10,314,0.1464071273803711,0.4663,1.8737,0,0,0,1,1
824,551555,0,benedict_task4,benedict_task4,0,221,1,1,0,1,22,11,70,2,92,0.003631591796875,0.0395,0.1349,0,1,0,4,0
824,551555,1,rule_based_agent_0,rule_based_agent,1,221,9,4,1,0,60,22,194,1,221,0.1151435375213623,0.521,2.059,0,0,0,1,1
824,551555,2,rule_based_agent_1,rule_based_agent,0,221,7,2,1,0,31,10,91,6,107,0.028918743133544922,0.2703,0.946,0,1,1,2,0
824,551555,3,rule_based_agent_2,rule_based_agent,0,221,2,2,0,0,14,6,59,3,68,0.015135049819946289,0.2226,0.7102,0,1,1,3,0
825,551556,0,benedict_task4,benedict_task4,1,400,8,8,0,0,39,43,322,7,400,0.04330563545227051,0.1083,0.592,0,0,0,1,1
825,551556,1,rule_based_agent_0,rule_based_agent,0,400,0,0,0,1,13,13,133,7,153,0.07915139198303223,0.5173,2.1448,0,1,0,3,0
825,551556,2,rule_based_agent_1,rule_based_agent,1,400,1,1,0,0,22,32,355,7,400,0.2266840934753418,0.5667,2.0182,0,0,0,2,0
825,551556,3,rule_based_agent_2,rule_based_agent,0,400,0,0,0,1,35,23,213,11,247,0.10240411758422852,0.4146,1.852,0,1,0,3,0
826,551557,0,benedict_task4,benedict_task4,0,400,2,2,0,1,19,10,60,1,79,0.0026171207427978516,0.0331,0.1259,0,1,0,3,0
826,551557,1,rule_based_agent_0,rule_based_agent,0,400,0,0,0,1,25,7,51,4,62,0.014664173126220703,0.2365,0.6621,0,1,0,4,0
826,551557,2,rule_based_agent_1,rule_based_agent,1,400,3,3,0,0,38,29,370,1,400,0.2302687168121338,0.5757,2.1071,0,0,0,2,0
826,551557,3,rule_based_agent_2,rule_based_agent,1,400,4,4,0,0,43,27,371,2,400,0.2264118194580078,0.566,2.202,0,0,0,1,1
827,551558,0,benedict_task4,benedict_task4,1,400,1,1,0,0,30,45,324,10,400,0.03966689109802246,0.0992,0.5488,0,0,0,3,0
827,551558,1,rule_based_agent_0,rule_based_agent,0,400,4,4,0,1,43,24,211,12,247,0.0947120189666748,0.3834,2.394,0,1,0,1,1
827,551558,2,rule_based_agent_1,rule_based_agent,1,400,3,3,0,0,37,35,348,10,400,0.1959702968597412,0.4899,2.002,0,0,0,2,0
827,551558,3,rule_based_agent_2,rule_based_agent,0,400,1,1,0,1,21,8,79,3,90,0.01969456672668457,0.2188,0.4439,0,1,0,3,0
828,551559,0,benedict_task4,benedict_task4,0,400,5,5,0,1,28,14,92,4,119,0.004064321517944336,0.0342,0.1822,0,1,0,1,1
828,551559,1,rule_based_agent_0,rule_based_agent,1,400,2,2,0,0,44,34,356,9,400,0.19039416313171387,0.476,2.069,0,0,0,2,0
828,551559,2,rule_based_agent_1,rule_based_agent,1,400,1,1,0,0,35,30,363,6,400,0.20542001724243164,0.5136,1.822,0,0,0,3,0
828,551559,3,rule_based_agent_2,rule_based_agent,0,400,1,1,0,1,19,7,67,2,76,0.018781661987304688,0.2471,0.5481,0,1,0,3,0
829,551560,0,benedict_task4,benedict_task4,0,400,3,3,0,1,32,15,112,4,148,0.00727534294128418,0.0492,0.21,0,1,0,2,0
829,551560,1,rule_based_agent_0,rule_based_agent,0,400,3,3,0,1,23,11,155,6,172,0.08132243156433105,0.4728,2.135,0,1,0,2,0
829,551560,2,rule_based_agent_1,rule_based_agent,1,400,1,1,0,0,33,25,363,12,400,0.25214695930480957,0.6304,2.1491,0,0,0,4,0
829,551560,3,rule_based_agent_2,rule_based_agent,1,400,7,2,1,0,32,25,368,6,400,0.25514841079711914,0.6379,1.9763,0,0,0,1,1
830,551561,0,benedict_task4,benedict_task4,0,273,4,4,0,1,26,30,216,3,269,0.021570920944213867,0.0802,0.4761,0,1,0,1,1
830,551561,1,rule_based_agent_0,rule_based_agent,0,273,2,2,0,1,45,19,171,4,194,0.06938862800598145,0.3577,1.785,0,1,0,2,0
830,551561,2,rule_based_agent_1,rule_based_agent,1,273,1,1,0,0,28,23,237,6,273,0.11614799499511719,0.4255,1.909,0,0,0,4,0
830,551561,3,rule_based_agent_2,rule_based_agent,0,273,2,2,0,1,22,7,65,5,77,0.020766496658325195,0.2697,0.844,0,1,0,2,0
831,551562,0,benedict_task4,benedict_task4,0,344,2,2,0,1,29,17,134,4,167,0.006973743438720703,0.0418,0.2239,0,1,0,3,0
831,551562,1,rule_based_agent_0,rule_based_agent,1,344,3,3,0,0,30,29,299,11,344,0.14630746841430664,0.4253,2.0232,0,0,0,2,0
831,551562,2,rule_based_agent_1,rule_based_agent,0,344,4,4,0,1,33,32,295,11,340,0.1680009365081787,0.4941,2.0492,0,1,0,1,1
831,551562,3,rule_based_agent_2,rule_based_agent,0,344,0,0,0,1,27,14,141,5,160,0.0744631290435791,0.4654,2.1851,0,1,0,4,0
832,551563,0,benedict_task4,benedict_task4,0,311,7,2,1,1,36,31,234,3,303,0.029088497161865234,0.096,0.576,0,1,0,1,1
832,551563,1,rule_based_agent_0,rule_based_agent,0,311,4,4,0,0,35,23,241,17,281,0.13029193878173828,0.4637,2.0621,0,1,1,2,0
832,551563,2,rule_based_agent_1,rule_based_agent,0,311,1,1,0,1,14,7,52,1,60,0.015346765518188477,0.2558,0.6571,0,1,0,4,0
832,551563,3,rule_based_agent_2,rule_based_agent,1,311,2,2,0,0,37,29,267,9,311,0.13524985313415527,0.4349,1.9701,0,0,0,3,0
833,551564,0,benedict_task4,benedict_task4,0,269,3,3,0,1,21,10,58,1,75,0.0019562244415283203,0.0261,0.0761,0,1,0,2,0
833,551564,1,rule_based_agent_0,rule_based_agent,1,269,4,4,0,0,51,22,242,1,269,0.14571809768676758,0.5417,2.1331,0,0,0,1,1
833,551564,2,rule_based_agent_1,rule_based_agent,0,269,2,2,0,1,37,13,103,5,121,0.027633190155029297,0.2284,0.7441,0,1,0,3,0
833,551564,3,rule_based_agent_2,rule_based_agent,0,269,0,0,0,1,19,6,41,4,51,0.011012077331542969,0.2159,0.587,0,1,0,4,0
834,551565,0,benedict_task4,benedict_task4,0,190,1,1,0,1,27,15,110,1,134,0.004903078079223633,0.0366,0.1132,0,1,0,3,0
834,551565,1,rule_based_agent_0,rule_based_agent,0,190,4,4,0,1,24,10,104,5,119,0.032248735427856445,0.271,1.399,0,1,0,1,1
834,551565,2,rule_based_agent_1,rule_based_agent,0,190,1,1,0,1,24,6,49,3,58,0.015050172805786133,0.2595,0.7391,0,1,0,3,0
834,551565,3,rule_based_agent_2,rule_based_agent,1,190,3,3,0,0,49,16,170,0,190,0.10154867172241211,0.5345,2.033,0,0,0,2,0
835,551566,0,benedict_task4,benedict_task4,0,231,1,1,0,1,23,14,102,1,125,0.005402088165283203,0.0432,0.1459,0,1,0,4,0
835,551566,1,rule_based_agent_0,rule_based_agent,0,231,2,2,0,1,33,12,130,3,145,0.039728403091430664,0.274,1.2112,0,1,0,2,0
835,551566,2,rule_based_agent_1,rule_based_agent,1,231,4,4,0,0,44,20,204,3,231,0.11420345306396484,0.4944,1.967,0,0,0,1,1
835,551566,3,rule_based_agent_2,rule_based_agent,0,231,2,2,0,1,23,8,78,3,89,0.023209571838378906,0.2608,0.8459,0,1,0,2,0
836,551567,0,benedict_task4,benedict_task4,0,277,12,2,2,1,32,32,221,3,273,0.022550106048583984,0.0826,0.5991,0,1,0,1,1
836,551567,1,rule_based_agent_0,rule_based_agent,1,277,4,4,0,0,32,22,237,5,277,0.11149978637695312,0.4025,2.0847,0,0,0,2,0
836,551567,2,rule_based_agent_1,rule_based_agent,0,277,1,1,0,1,20,15,170,5,190,0.05988144874572754,0.3152,1.7462,0,1,0,4,0
836,551567,3,rule_based_agent_2,rule_based_agent,0,277,2,2,0,1,38,15,135,7,157,0.0563204288482666,0.3587,1.9808,0,1,0,3,0
837,551568,0,benedict_task4,benedict_task4,0,400,1,1,0,0,12,8,54,2,70,0.002767324447631836,0.0395,0.1919,0,1,1,3,0
837,551568,1,rule_based_agent_0,rule_based_agent,1,400,1,1,0,0,33,28,364,8,400,0.2362680435180664,0.5907,1.9832,0,0,0,3,0
837,551568,2,rule_based_agent_1,rule_based_agent,1,400,5,5,0,0,39,28,361,11,400,0.23401498794555664,0.585,1.92,0,0,0,2,0
837,551568,3,rule_based_agent_2,rule_based_agent,0,400,7,2,1,1,35,26,261,9,296,0.12115097045898438,0.4093,2.059,0,1,0,1,1
838,551569,0,benedict_task4,benedict_task4,1,400,2,2,0,0,30,44,322,5,400,0.03734636306762695,0.0934,0.4873,0,0,0,4,0
838,551569,1,rule_based_agent_0,rule_based_agent,0,400,3,3,0,0,20,11,112,5,128,0.04783964157104492,0.3737,1.2259,0,1,1,3,0
838,551569,2,rule_based_agent_1,rule_based_agent,0,400,7,2,1,1,40,37,319,17,375,0.18331265449523926,0.4888,2.1,0,1,0,1,1
838,551569,3,rule_based_agent_2,rule_based_agent,1,400,7,2,1,0,28,38,347,13,400,0.20168733596801758,0.5042,3.0921,0,0,0,1,1
839,551570,0,benedict_task4,benedict_task4,0,400,4,4,0,0,31,23,178,2,222,0.007514238357543945,0.0338,0.1829,0,1,1,2,0
839,551570,1,rule_based_agent_0,rule_based_agent,0,400,1,1,0,1,24,7,66,2,75,0.021611690521240234,0.2882,0.89,0,1,0,4,0
839,551570,2,rule_based_agent_1,rule_based_agent,1,400,6,1,1,0,26,22,374,4,400,0.2506868839263916,0.6267,2.4321,0,0,0,1,1
839,551570,3,rule_based_agent_2,rule_based_agent,1,400,3,3,0,0,38,25,371,4,400,0.25312089920043945,0.6328,2.25,0,0,0,3,0
840,551571,0,benedict_task4,benedict_task4,0,264,4,4,0,1,34,28,201,4,260,0.018188953399658203,0.07,0.5429,0,1,0,1,1
840,551571,1,rule_based_agent_0,rule_based_agent,1,264,4,4,0,0,33,23,223,12,264,0.13791489601135254,0.5224,1.9658,0,0,0,1,1
840,551571,2,rule_based_agent_1,rule_based_agent,0,264,1,1,0,1,22,17,180,6,203,0.08857226371765137,0.4363,2.084,0,1,0,3,0
840,551571,3,rule_based_agent_2,rule_based_agent,0,264,0,0,0,1,30,13,123,8,144,0.04001617431640625,0.2779,1.9062,0,1,0,4,0
841,551572,0,benedict_task4,benedict_task4,1,400,9,4,1,0,33,50,319,7,400,0.0476837158203125,0.1192,0.5362,0,0,0,1,1
841,551572,1,rule_based_agent_0,rule_based_agent,0,400,4,4,0,1,33,15,137,10,162,0.04638338088989258,0.2863,1.8151,0,1,0,2,0
841,551572,2,rule_based_agent_1,rule_based_agent,1,400,1,1,0,0,34,30,344,12,400,0.2343759536743164,0.5859,1.992,0,0,0,3,0
841,551572,3,rule_based_agent_2,rule_based_agent,0,400,0,0,0,1,20,6,41,1,48,0.011400699615478516,0.2375,0.6218,0,1,0,4,0
842,551573,0,benedict_task4,benedict_task4,0,400,0,0,0,1,21,13,93,0,118,0.00424957275390625,0.036,0.14,0,1,0,4,0
842,551573,1,rule_based_agent_0,rule_based_agent,1,400,3,3,0,0,33,36,346,18,400,0.20004534721374512,0.5001,1.9119,0,0,0,2,0
842,551573,2,rule_based_agent_1,rule_based_agent,1,400,5,5,0,0,34,34,351,15,400,0.18616914749145508,0.4654,1.9898,0,0,0,1,1
842,551573,3,rule_based_agent_2,rule_based_agent,0,400,1,1,0,1,24,18,225,5,248,0.09898757934570312,0.3991,1.8492,0,1,0,3,0
843,551574,0,benedict_task4,benedict_task4,1,400,3,3,0,0,42,43,326,5,400,0.03989267349243164,0.0997,0.6609,0,0,0,2,0
843,551574,1,rule_based_agent_0,rule_based_agent,0,400,3,3,0,1,41,28,259,8,296,0.15448665618896484,0.5219,2.2919,0,1,0,2,0
843,551574,2,rule_based_agent_1,rule_based_agent,0,400,2,2,0,1,18,9,93,4,106,0.03493452072143555,0.3296,1.596,0,1,0,4,0
843,551574,3,rule_based_agent_2,rule_based_agent,1,400,11,1,2,0,28,35,349,12,400,0.20377016067504883,0.5094,2.007,0,0,0,1,1
844,551575,0,benedict_task4,benedict_task4,0,293,5,5,0,1,37,26,186,4,235,0.00670313835144043,0.0285,0.0942,0,1,0,1,1
844,551575,1,rule_based_agent_0,rule_based_agent,0,293,1,1,0,1,13,6,45,2,53,0.014418363571166992,0.272,0.7808,0,1,0,3,0
844,551575,2,rule_based_agent_1,rule_based_agent,1,293,1,1,0,0,48,24,260,5,293,0.16477608680725098,0.5624,1.9262,0,0,0,3,0
844,551575,3,rule_based_agent_2,rule_based_agent,0,293,2,2,0,1,23,9,81,2,92,0.021800994873046875,0.237,0.6561,0,1,0,2,0
845,551576,0,benedict_task4,benedict_task4,0,240,2,2,0,1,25,13,84,3,111,0.004356861114501953,0.0393,0.1659,0,1,0,3,0
845,551576,1,rule_based_agent_0,rule_based_agent,0,240,5,0,1,1,42,20,163,13,196,0.09738349914550781,0.4969,1.9391,0,1,0,1,1
845,551576,2,rule_based_agent_1,rule_based_agent,1,240,2,2,0,0,24,19,212,5,240,0.132659912109375,0.5527,2.0421,0,0,0,3,0
845,551576,3,rule_based_agent_2,rule_based_agent,0,240,5,5,0,1,37,12,131,5,148,0.058725833892822266,0.3968,2.058,0,1,0,1,1
846,551577,0,benedict_task4,benedict_task4,1,400,7,2,1,0,49,50,285,31,400,0.026230812072753906,0.0656,0.3841,0,0,0,1,1
846,551577,1,rule_based_agent_0,rule_based_agent,0,400,4,4,0,0,22,9,85,4,98,0.027238130569458008,0.2779,0.8819,0,1,1,2,0
846,551577,2,rule_based_agent_1,rule_based_agent,0,400,3,3,0,1,37,15,128,5,148,0.04070734977722168,0.275,1.0209,0,1,0,3,0
846,551577,3,rule_based_agent_2,rule_based_agent,0,400,0,0,0,1,23,7,55,2,64,0.016414642333984375,0.2565,0.778,0,1,0,4,0
847,551578,0,benedict_task4,benedict_task4,0,187,4,4,0,1,24,8,66,2,82,0.00553584098815918,0.0675,0.2692,0,1,0,2,0
847,551578,1,rule_based_agent_0,rule_based_agent,1,187,8,3,1,0,36,17,164,2,187,0.10379719734191895,0.5551,1.9579,0,0,0,1,1
847,551578,2,rule_based_agent_1,rule_based_agent,0,187,1,1,0,1,27,9,79,2,90,0.030469655990600586,0.3386,1.945,0,1,0,3,0
847,551578,3,rule_based_agent_2,rule_based_agent,0,187,1,1,0,1,34,11,100,3,114,0.03150153160095215,0.2763,1.1241,0,1,0,3,0
848,551579,0,benedict_task4,benedict_task4,0,400,1,1,0,1,28,39,296,10,369,0.04318594932556152,0.117,0.5801,0,1,0,4,0
848,551579,1,rule_based_agent_0,rule_based_agent,1,400,2,2,0,0,30,26,361,12,400,0.233809232711792,0.5845,1.874,0,0,0,2,0
848,551579,2,rule_based_agent_1,rule_based_agent,1,400,2,2,0,0,29,26,356,17,400,0.25515198707580566,0.6379,1.9326,0,0,0,2,0
848,551579,3,rule_based_agent_2,rule_based_agent,0,400,4,4,0,1,41,24,209,13,246,0.12408304214477539,0.5044,1.8752,0,1,0,1,1
849,551580,0,benedict_task4,benedict_task4,0,209,3,3,0,1,47,23,157,3,205,0.008297204971313477,0.0405,0.458,0,1,0,2,0
849,551580,1,rule_based_agent_0,rule_based_agent,0,209,1,1,0,1,30,9,67,5,81,0.01987910270690918,0.2454,0.7391,0,1,0,3,0
849,551580,2,rule_based_agent_1,rule_based_agent,1,209,4,4,0,0,30,15,189,0,209,0.0917208194732666,0.4389,1.9388,0,0,0,1,1
849,551580,3,rule_based_agent_2,rule_based_agent,0,209,1,1,0,1,18,7,49,3,59,0.01602625846862793,0.2716,0.7889,0,1,0,3,0
850,551581,0,benedict_task4,benedict_task4,0,400,2,2,0,1,23,13,90,2,113,0.004737138748168945,0.0419,0.18,0,1,0,2,0
850,551581,1,rule_based_agent_0,rule_based_agent,0,400,2,2,0,1,29,16,190,10,216,0.09665751457214355,0.4475,2.27,0,1,0,2,0
850,551581,2,rule_based_agent_1,rule_based_agent,1,400,3,3,0,0,38,32,355,13,400,0.23637771606445312,0.5909,2.1799,0,0,0,1,1
850,551581,3,rule_based_agent_2,rule_based_agent,1,400,2,2,0,0,41,31,356,13,400,0.20420026779174805,0.5105,2.0921,0,0,0,2,0
851,551582,0,benedict_task4,benedict_task4,0,400,3,3,0,1,33,29,235,3,283,0.027111291885375977,0.0958,0.6268,0,1,0,2,0
851,551582,1,rule_based_agent_0,rule_based_agent,1,400,4,4,0,0,24,23,372,4,400,0.25763964653015137,0.6441,2.2998,0,0,0,1,1
851,551582,2,rule_based_agent_1,rule_based_agent,1,400,0,0,0,0,33,25,363,12,400,0.2838404178619385,0.7096,3.798,0,0,0,4,0
851,551582,3,rule_based_agent_2,rule_based_agent,0,400,2,2,0,1,34,9,85,2,96,0.033281564712524414,0.3467,1.178,0,1,0,3,0
852,551583,0,benedict_task4,benedict_task4,0,400,5,5,0,1,30,10,78,3,101,0.004239320755004883,0.042,0.1841,0,1,0,2,0
852,551583,1,rule_based_agent_0,rule_based_agent,0,400,0,0,0,1,20,19,189,8,216,0.09702658653259277,0.4492,1.8511,0,1,0,4,0
852,551583,2,rule_based_agent_1,rule_based_agent,1,400,3,3,0,0,36,33,350,17,400,0.19726967811584473,0.4932,1.9681,0,0,0,3,0
852,551583,3,rule_based_agent_2,rule_based_agent,1,400,6,1,1,0,39,29,361,10,400,0.19669723510742188,0.4917,2.0349,0,0,0,1,1
853,551584,0,benedict_task4,benedict_task4,0,265,3,3,0,1,39,28,198,3,249,0.009490966796875,0.0381,0.273,0,1,0,2,0
853,551584,1,rule_based_agent_0,rule_based_agent,0,265,1,1,0,1,24,8,100,4,112,0.03276348114013672,0.2925,0.6332,0,1,0,3,0
853,551584,2,rule_based_agent_1,rule_based_agent,1,265,5,5,0,0,40,19,234,8,265,0.12303781509399414,0.4643,2.0089,0,0,0,1,1
853,551584,3,rule_based_agent_2,rule_based_agent,0,265,0,0,0,1,25,9,69,4,82,0.018396377563476562,0.2243,0.694,0,1,0,4,0
854,551585,0,benedict_task4,benedict_task4,0,400,5,5,0,1,30,30,227,2,275,0.025091171264648438,0.0912,0.4718,0,1,0,2,0
854,551585,1,rule_based_agent_0,rule_based_agent,0,400,2,2,0,0,26,13,103,4,120,0.04587221145629883,0.3823,2.1918,0,1,1,3,0
854,551585,2,rule_based_agent_1,rule_based_agent,1,400,1,1,0,0,28,33,352,13,400,0.24038386344909668,0.601,2.7201,0,0,0,4,0
854,551585,3,rule_based_agent_2,rule_based_agent,1,400,6,1,1,0,32,32,363,5,400,0.2183842658996582,0.546,2.0111,0,0,0,1,1
855,551586,0,benedict_task4,benedict_task4,1,400,4,4,0,0,23,46,326,7,400,0.04122185707092285,0.1031,0.4869,0,0,0,1,1
855,551586,1,rule_based_agent_0,rule_based_agent,1,400,1,1,0,0,35,30,350,10,400,0.20409679412841797,0.5102,1.924,0,0,0,3,0
855,551586,2,rule_based_agent_1,rule_based_agent,0,400,1,1,0,1,32,12,105,1,118,0.030945301055908203,0.2622,0.885,0,1,0,3,0
855,551586,3,rule_based_agent_2,rule_based_agent,0,400,3,3,0,1,22,18,185,8,212,0.0894629955291748,0.422,1.77,0,1,0,2,0
856,551587,0,benedict_task4,benedict_task4,0,248,8,3,1,1,36,26,191,5,244,0.01735401153564453,0.0711,0.5171,0,1,0,1,1
856,551587,1,rule_based_agent_0,rule_based_agent,0,248,1,1,0,0,30,18,201,10,229,0.09919881820678711,0.4332,1.8749,0,1,1,4,0
856,551587,2,rule_based_agent_1,rule_based_agent,1,248,8,3,1,0,32,23,211,9,248,0.11196041107177734,0.4515,2.104,0,0,0,1,1
856,551587,3,rule_based_agent_2,rule_based_agent,0,248,2,2,0,1,25,7,59,3,69,0.014154911041259766,0.2051,0.5367,0,1,0,3,0
857,551588,0,benedict_task4,benedict_task4,1,400,1,1,0,0,34,49,310,19,400,0.04114985466003418,0.1029,0.4752,0,0,0,4,0
857,551588,1,rule_based_agent_0,rule_based_agent,0,400,3,3,0,1,22,31,304,13,356,0.19960236549377441,0.5607,2.037,0,1,0,1,1
857,551588,2,rule_based_agent_1,rule_based_agent,0,400,3,3,0,1,34,13,111,7,131,0.0506443977355957,0.3866,2.0831,0,1,0,1,1
857,551588,3,rule_based_agent_2,rule_based_agent,0,400,2,2,0,1,28,20,203,11,234,0.10245323181152344,0.4378,2.1813,0,1,0,3,0
858,551589,0,benedict_task4,benedict_task4,0,400,7,2,1,1,40,39,323,7,400,0.043741464614868164,0.1094,0.664,0,1,0,1,1
858,551589,1,rule_based_agent_0,rule_based_agent,1,400,2,2,0,0,28,34,343,16,400,0.18776679039001465,0.4694,1.8849,0,0,0,3,0
858,551589,2,rule_based_agent_1,rule_based_agent,0,400,3,3,0,1,29,33,301,22,357,0.1531972885131836,0.4291,1.8811,0,1,0,2,0
858,551589,3,rule_based_agent_2,rule_based_agent,0,400,2,2,0,0,27,7,71,1,79,0.02701258659362793,0.3419,0.783,0,1,1,3,0
859,551590,0,benedict_task4,benedict_task4,0,218,1,1,0,1,24,10,64,1,84,0.002758026123046875,0.0328,0.087,0,1,0,3,0
859,551590,1,rule_based_agent_0,rule_based_agent,0,218,2,2,0,0,21,8,103,4,115,0.04520773887634277,0.3931,1.2391,0,1,1,2,0
859,551590,2,rule_based_agent_1,rule_based_agent,1,218,1,1,0,0,39,18,194,2,218,0.1284482479095459,0.5892,1.9951,0,0,0,3,0
859,551590,3,rule_based_agent_2,rule_based_agent,0,218,10,5,1,1,39,14,123,6,143,0.044942378997802734,0.3143,1.657,0,1,0,1,1
860,551591,0,benedict_task4,benedict_task4,0,241,3,3,0,1,38,23,170,3,220,0.010493278503417969,0.0477,0.407,0,1,0,2,0
860,551591,1,rule_based_agent_0,rule_based_agent,1,241,3,3,0,0,31,22,205,10,241,0.12351775169372559,0.5125,2.0993,0,0,0,2,0
860,551591,2,rule_based_agent_1,rule_based_agent,0,241,7,2,1,1,30,19,211,6,237,0.1111910343170166,0.4692,1.8487,0,1,0,1,1
860,551591,3,rule_based_agent_2,rule_based_agent,0,241,1,1,0,1,22,10,77,7,94,0.024444580078125,0.26,0.771,0,1,0,4,0
861,551592,0,benedict_task4,benedict_task4,0,245,5,5,0,1,22,11,80,3,105,0.0031888484954833984,0.0304,0.0808,0,1,0,1,1
861,551592,1,rule_based_agent_0,rule_based_agent,0,245,0,0,0,1,30,16,131,8,155,0.0635838508605957,0.4102,2.1162,0,1,0,4,0
861,551592,2,rule_based_agent_1,rule_based_agent,0,245,1,1,0,1,25,10,101,4,115,0.049776554107666016,0.4328,2.233,0,1,0,3,0
861,551592,3,rule_based_agent_2,rule_based_agent,1,245,3,3,0,0,38,22,214,5,245,0.13089823722839355,0.5343,2.1479,0,0,0,2,0
862,551593,0,benedict_task4,benedict_task4,0,400,7,2,1,1,29,17,114,2,145,0.005899906158447266,0.0407,0.1569,0,1,0,1,1
862,551593,1,rule_based_agent_0,rule_based_agent,0,400,2,2,0,0,14,5,37,2,44,0.010986566543579102,0.2497,0.941,0,1,1,3,0
862,551593,2,rule_based_agent_1,rule_based_agent,1,400,3,3,0,0,32,21,374,5,400,0.264693021774292,0.6617,1.8928,0,0,0,2,0
862,551593,3,rule_based_agent_2,rule_based_agent,1,400,2,2,0,0,48,23,369,8,400,0.27654099464416504,0.6914,1.816,0,0,0,3,0
863,551594,0,benedict_task4,benedict_task4,0,400,0,0,0,1,22,20,126,4,163,0.008488893508911133,0.0521,1.425,0,1,0,4,0
863,551594,1,rule_based_agent_0,rule_based_agent,1,400,9,4,1,0,40,37,355,8,400,0.15215063095092773,0.3804,2.0707,0,0,0,1,1
863,551594,2,rule_based_agent_1,rule_based_agent,0,400,4,4,0,1,24,19,185,11,215,0.09770083427429199,0.4544,2.1591,0,1,0,2,0
863,551594,3,rule_based_agent_2,rule_based_agent,1,400,1,1,0,0,38,37,355,8,400,0.18223786354064941,0.4556,2.1739,0,0,0,3,0
864,551595,0,benedict_task4,benedict_task4,0,229,4,4,0,1,36,14,96,2,128,0.00565791130065918,0.0442,0.2081,0,1,0,2,0
864,551595,1,rule_based_agent_0,rule_based_agent,0,229,1,1,0,0,28,20,182,8,212,0.07913994789123535,0.3733,2.7988,0,1,1,4,0
864,551595,2,rule_based_agent_1,rule_based_agent,0,229,3,3,0,1,35,19,189,16,225,0.12293076515197754,0.5464,1.9259,0,1,0,3,0
864,551595,3,rule_based_agent_2,rule_based_agent,1,229,6,1,1,0,32,18,194,13,229,0.12312126159667969,0.5376,1.9081,0,0,0,1,1
865,551596,0,benedict_task4,benedict_task4,0,222,2,2,0,1,37,23,142,4,193,0.007850885391235352,0.0407,0.1333,0,1,0,4,0
865,551596,1,rule_based_agent_0,rule_based_agent,1,222,6,1,1,0,20,16,198,4,222,0.09108877182006836,0.4103,1.7979,0,0,0,1,1
865,551596,2,rule_based_agent_1,rule_based_agent,0,222,3,3,0,1,34,13,131,4,148,0.050405263900756836,0.3406,1.8456,0,1,0,2,0
865,551596,3,rule_based_agent_2,rule_based_agent,0,222,3,3,0,1,32,8,53,5,66,0.01662421226501465,0.2519,0.7501,0,1,0,2,0
866,551597,0,benedict_task4,benedict_task4,0,211,10,5,1,1,26,17,120,4,153,0.005984306335449219,0.0391,0.2346,0,1,0,1,1
866,551597,1,rule_based_agent_0,rule_based_agent,0,211,0,0,0,1,16,5,35,3,43,0.007966995239257812,0.1853,0.3839,0,1,0,4,0
866,551597,2,rule_based_agent_1,rule_based_agent,1,211,3,3,0,0,46,18,182,7,211,0.09857606887817383,0.4672,1.8899,0,0,0,2,0
866,551597,3,rule_based_agent_2,rule_based_agent,0,211,1,1,0,0,31,10,93,2,105,0.03447556495666504,0.3283,1.632,0,1,1,3,0
867,551598,0,benedict_task4,benedict_task4,1,400,2,2,0,0,36,41,329,2,400,0.042733192443847656,0.1068,0.6189,0,0,0,3,0
867,551598,1,rule_based_agent_0,rule_based_agent,1,400,3,3,0,0,27,32,350,11,400,0.19648957252502441,0.4912,1.8122,0,0,0,2,0
867,551598,2,rule_based_agent_1,rule_based_agent,0,400,2,2,0,1,27,10,79,8,97,0.023042678833007812,0.2376,1.4973,0,1,0,3,0
867,551598,3,rule_based_agent_2,rule_based_agent,0,400,7,2,1,1,29,23,253,12,288,0.1340956687927246,0.4656,2.0812,0,1,0,1,1
868,551599,0,benedict_task4,benedict_task4,1,400,2,2,0,0,37,51,290,34,400,0.0329742431640625,0.0824,0.4339,0,0,0,2,0
868,551599,1,rule_based_agent_0,rule_based_agent,0,400,1,1,0,0,23,8,108,6,122,0.040452003479003906,0.3316,1.7288,0,1,1,3,0
868,551599,2,rule_based_agent_1,rule_based_agent,0,400,10,5,1,1,31,11,105,6,122,0.04107236862182617,0.3367,1.7748,0,1,0,1,1
868,551599,3,rule_based_agent_2,rule_based_agent,0,400,1,1,0,1,29,15,170,7,192,0.06453251838684082,0.3361,2.0061,0,1,0,3,0
869,551600,0,benedict_task4,benedict_task4,0,310,5,5,0,1,28,13,90,0,113,0.004778385162353516,0.0423,0.164,0,1,0,1,1
869,551600,1,rule_based_agent_0,rule_based_agent,1,310,0,0,0,0,33,26,276,4,310,0.16241979598999023,0.5239,2.0542,0,0,0,3,0
869,551600,2,rule_based_agent_1,rule_based_agent,0,310,4,4,0,1,30,30,257,8,295,0.1320335865020752,0.4476,1.909,0,1,0,2,0
869,551600,3,rule_based_agent_2,rule_based_agent,0,310,0,0,0,1,27,12,95,4,111,0.0365903377532959,0.3296,1.8551,0,1,0,3,0
870,551601,0,benedict_task4,benedict_task4,0,394,6,1,1,1,39,45,310,6,390,0.039942264556884766,0.1024,0.566,0,1,0,1,1
870,551601,1,rule_based_agent_0,rule_based_agent,1,394,1,1,0,0,34,33,339,12,394,0.1884629726409912,0.4783,1.884,0,0,0,4,0
870,551601,2,rule_based_agent_1,rule_based_agent,0,394,5,5,0,1,23,22,223,14,259,0.09874272346496582,0.3812,1.857,0,1,0,2,0
870,551601,3,rule_based_agent_2,rule_based_agent,0,394,2,2,0,1,30,8,65,2,75,0.018986940383911133,0.2532,0.6592,0,1,0,3,0
871,551602,0,benedict_task4,benedict_task4,0,197,2,2,0,1,36,23,147,4,193,0.010631322860717773,0.0551,0.453,0,1,0,2,0
871,551602,1,rule_based_agent_0,rule_based_agent,1,197,2,2,0,0,27,14,175,2,197,0.06798005104064941,0.3451,1.8821,0,0,0,2,0
871,551602,2,rule_based_agent_1,rule_based_agent,0,197,3,3,0,1,37,10,91,5,106,0.025749921798706055,0.2429,0.8409,0,1,0,1,1
871,551602,3,rule_based_agent_2,rule_based_agent,0,197,2,2,0,1,17,4,37,1,42,0.009799718856811523,0.2333,0.7341,0,1,0,2,0
872,551603,0,benedict_task4,benedict_task4,0,285,9,4,1,1,29,13,96,3,120,0.004200935363769531,0.035,0.1447,0,1,0,1,1
872,551603,1,rule_based_agent_0,rule_based_agent,1,285,9,4,1,0,48,26,250,5,285,0.15122246742248535,0.5306,2.115,0,0,0,1,1
872,551603,2,rule_based_agent_1,rule_based_agent,0,285,5,0,1,1,29,16,141,2,159,0.04606914520263672,0.2897,1.6601,0,1,0,3,0
872,551603,3,rule_based_agent_2,rule_based_agent,0,285,1,1,0,0,22,6,58,1,65,0.01552128791809082,0.2388,0.649,0,1,1,4,0
873,551604,0,benedict_task4,benedict_task4,0,258,4,4,0,1,42,20,155,1,196,0.0064754486083984375,0.033,0.351,0,1,0,1,1
873,551604,1,rule_based_agent_0,rule_based_agent,0,258,0,0,0,1,15,6,46,1,53,0.013498306274414062,0.2547,0.597,0,1,0,4,0
873,551604,2,rule_based_agent_1,rule_based_agent,0,258,2,2,0,1,20,10,89,4,103,0.03163433074951172,0.3071,0.9699,0,1,0,3,0
873,551604,3,rule_based_agent_2,rule_based_agent,1,258,3,3,0,0,50,22,230,2,258,0.1304473876953125,0.5056,2.1691,0,0,0,2,0
874,551605,0,benedict_task4,benedict_task4,0,189,5,5,0,1,29,13,97,3,123,0.005464792251586914,0.0444,0.2542,0,1,0,1,1
874,551605,1,rule_based_agent_0,rule_based_agent,1,189,0,0,0,0,37,17,166,2,189,0.10787677764892578,0.5708,1.9929,0,0,0,4,0
874,551605,2,rule_based_agent_1,rule_based_agent,0,189,1,1,0,1,20,11,79,4,94,0.02891826629638672,0.3076,1.2071,0,1,0,3,0
874,551605,3,rule_based_agent_2,rule_based_agent,0,189,3,3,0,1,35,10,99,5,114,0.02830648422241211,0.2483,0.7739,0,1,0,2,0
875,551606,0,benedict_task4,benedict_task4,0,329,6,1,1,1,33,36,257,6,325,0.02870965003967285,0.0883,0.484,0,1,0,1,1
875,551606,1,rule_based_agent_0,rule_based_agent,0,329,3,3,0,1,32,12,121,3,136,0.03921961784362793,0.2884,0.7889,0,1,0,2,0
875,551606,2,rule_based_agent_1,rule_based_agent,1,329,2,2,0,0,30,30,277,13,329,0.16451764106750488,0.5001,2.2559,0,0,0,4,0
875,551606,3,rule_based_agent_2,rule_based_agent,0,329,3,3,0,0,30,17,177,5,199,0.0948026180267334,0.4764,2.2731,0,1,1,2,0
876,551607,0,benedict_task4,benedict_task4,1,400,3,3,0,0,36,49,288,37,400,0.03545832633972168,0.0886,0.4249,0,0,0,2,0
876,551607,1,rule_based_agent_0,rule_based_agent,0,400,1,1,0,1,35,9,69,1,79,0.020389318466186523,0.2581,0.591,0,1,0,4,0
876,551607,2,rule_based_agent_1,rule_based_agent,0,400,2,2,0,0,13,4,27,1,32,0.006711483001708984,0.2097,0.3259,0,1,1,3,0
876,551607,3,rule_based_agent_2,rule_based_agent,0,400,8,3,1,1,42,14,137,3,154,0.050835609436035156,0.3301,1.8601,0,1,0,1,1
877,551608,0,benedict_task4,benedict_task4,1,400,7,2,1,0,33,51,292,27,400,0.03743696212768555,0.0936,0.5939,0,0,0,1,1
877,551608,1,rule_based_agent_0,rule_based_agent,0,400,4,4,0,1,33,21,241,11,277,0.14728188514709473,0.5317,2.007,0,1,0,2,0
877,551608,2,rule_based_agent_1,rule_based_agent,0,400,1,1,0,0,22,9,60,3,72,0.017660856246948242,0.2453,0.545,0,1,1,4,0
877,551608,3,rule_based_agent_2,rule_based_agent,0,400,2,2,0,1,33,12,125,5,142,0.04868054389953613,0.3428,1.9069,0,1,0,3,0
878,551609,0,benedict_task4,benedict_task4,0,251,9,4,1,1,32,28,197,2,247,0.0182342529296875,0.0738,0.5229,0,1,0,1,1
878,551609,1,rule_based_agent_0,rule_based_agent,0,251,1,1,0,1,37,25,199,8,232,0.09421062469482422,0.4061,1.8971,0,1,0,4,0
878,551609,2,rule_based_agent_1,rule_based_agent,0,251,2,2,0,1,20,8,77,2,87,0.023389816284179688,0.2688,0.9069,0,1,0,2,0
878,551609,3,rule_based_agent_2,rule_based_agent,1,251,2,2,0,0,34,24,217,5,251,0.11013936996459961,0.4388,1.8249,0,0,0,2,0
879,551610,0,benedict_task4,benedict_task4,0,224,3,3,0,1,34,25,167,3,220,0.010264396667480469,0.0467,0.3452,0,1,0,1,1
879,551610,1,rule_based_agent_0,rule_based_agent,1,224,2,2,0,0,24,17,199,3,224,0.08694934844970703,0.3882,1.889,0,0,0,3,0
879,551610,2,rule_based_agent_1,rule_based_agent,0,224,3,3,0,1,29,8,75,4,87,0.021645307540893555,0.2488,1.3292,0,1,0,1,1
879,551610,3,rule_based_agent_2,rule_based_agent,0,224,1,1,0,1,35,12,115,5,132,0.04573321342468262,0.3465,1.1778,0,1,0,4,0
880,551611,0,benedict_task4,benedict_task4,0,283,6,6,0,0,25,7,58,1,73,0.0025207996368408203,0.0345,0.2818,0,1,1,1,1
880,551611,1,rule_based_agent_0,rule_based_agent,0,283,1,1,0,1,30,13,107,8,128,0.05042076110839844,0.3939,2.0943,0,1,0,3,0
880,551611,2,rule_based_agent_1,rule_based_agent,1,283,6,1,1,0,37,28,244,7,283,0.14284253120422363,0.5047,1.9484,0,0,0,1,1
880,551611,3,rule_based_agent_2,rule_based_agent,0,283,1,1,0,1,30,25,211,8,244,0.12210679054260254,0.5004,1.991,0,1,0,3,0
881,551612,0,benedict_task4,benedict_task4,0,390,2,2,0,1,43,42,288,12,382,0.03849363327026367,0.1008,0.6001,0,1,0,3,0
881,551612,1,rule_based_agent_0,rule_based_agent,0,390,3,3,0,1,32,14,119,5,138,0.05408668518066406,0.3919,2.126,0,1,0,1,1
881,551612,2,rule_based_agent_1,rule_based_agent,0,390,1,1,0,1,22,23,273,12,309,0.16022539138793945,0.5185,2.099,0,1,0,4,0
881,551612,3,rule_based_agent_2,rule_based_agent,1,390,3,3,0,0,32,32,341,6,390,0.199005126953125,0.5103,2.0928,0,0,0,1,1
882,551613,0,benedict_task4,benedict_task4,0,356,3,3,0,1,45,42,280,5,352,0.03234457969665527,0.0919,0.5362,0,1,0,1,1
882,551613,1,rule_based_agent_0,rule_based_agent,0,356,2,2,0,1,26,11,125,4,140,0.047506093978881836,0.3393,1.2863,0,1,0,2,0
882,551613,2,rule_based_agent_1,rule_based_agent,1,356,2,2,0,0,26,28,303,12,356,0.1633756160736084,0.4589,1.8098,0,0,0,2,0
882,551613,3,rule_based_agent_2,rule_based_agent,0,356,2,2,0,1,21,20,191,10,222,0.0830385684967041,0.374,1.9529,0,1,0,2,0
883,551614,0,benedict_task4,benedict_task4,0,400,1,1,0,0,33,15,94,4,129,0.005513668060302734,0.0427,0.2089,0,1,1,4,0
883,551614,1,rule_based_agent_0,rule_based_agent,1,400,3,3,0,0,39,38,342,20,400,0.1989154815673828,0.4973,1.9538,0,0,0,2,0
883,551614,2,rule_based_agent_1,rule_based_agent,0,400,3,3,0,1,29,10,75,6,91,0.025178909301757812,0.2767,1.1649,0,1,0,2,0
883,551614,3,rule_based_agent_2,rule_based_agent,1,400,7,2,1,0,28,38,352,10,400,0.20068001747131348,0.5017,2.1293,0,0,0,1,1
884,551615,0,benedict_task4,benedict_task4,0,400,9,4,1,1,34,33,222,2,279,0.02302098274230957,0.0825,0.5341,0,1,0,1,1
884,551615,1,rule_based_agent_0,rule_based_agent,1,400,1,1,0,0,41,27,360,13,400,0.2256627082824707,0.5642,1.8549,0,0,0,4,0
884,551615,2,rule_based_agent_1,rule_based_agent,0,400,2,2,0,1,23,10,80,1,91,0.026128530502319336,0.2871,0.814,0,1,0,2,0
884,551615,3,rule_based_agent_2,rule_based_agent,1,400,2,2,0,0,19,23,361,16,400,0.239166259765625,0.5979,1.8554,0,0,0,2,0
885,551616,0,benedict_task4,benedict_task4,0,378,1,1,0,1,43,23,132,3,184,0.0053861141204833984,0.0293,0.0751,0,1,0,3,0
885,551616,1,rule_based_agent_0,rule_based_agent,1,378,8,3,1,0,34,29,334,11,378,0.16957330703735352,0.4486,2.269,0,0,0,1,1
885,551616,2,rule_based_agent_1,rule_based_agent,0,378,4,4,0,1,25,29,337,8,374,0.1704249382019043,0.4557,2.151,0,1,0,2,0
885,551616,3,rule_based_agent_2,rule_based_agent,0,378,1,1,0,0,22,8,62,3,73,0.021485328674316406,0.2943,1.0359,0,1,1,3,0
886,551617,0,benedict_task4,benedict_task4,1,400,9,4,1,0,32,48,321,6,400,0.04807710647583008,0.1202,0.495,0,0,0,1,1
886,551617,1,rule_based_agent_0,rule_based_agent,1,400,8,3,1,0,26,24,351,9,400,0.22797393798828125,0.5699,2.95,0,0,0,2,0
886,551617,2,rule_based_agent_1,rule_based_agent,0,400,1,1,0,0,32,16,143,3,162,0.05630135536193848,0.3475,1.9851,0,1,1,3,0
886,551617,3,rule_based_agent_2,rule_based_agent,0,400,1,1,0,1,35,12,117,2,131,0.05631422996520996,0.4299,2.0249,0,1,0,3,0
887,551618,0,benedict_task4,benedict_task4,0,400,2,2,0,1,29,38,280,13,351,0.03809475898742676,0.1085,0.6821,0,1,0,2,0
887,551618,1,rule_based_agent_0,rule_based_agent,1,400,8,3,1,0,32,34,356,6,400,0.22311615943908691,0.5578,2.0008,0,0,0,1,1
887,551618,2,rule_based_agent_1,rule_based_agent,1,400,2,2,0,0,37,37,355,8,400,0.19489097595214844,0.4872,2.1908,0,0,0,2,0
887,551618,3,rule_based_agent_2,rule_based_agent,0,400,2,2,0,1,29,11,95,3,109,0.02615046501159668,0.2399,0.699,0,1,0,2,0
888,551619,0,benedict_task4,benedict_task4,1,400,9,4,1,0,24,45,326,7,400,0.04247331619262695,0.1062,0.5682,0,0,0,1,1
888,551619,1,rule_based_agent_0,rule_based_agent,0,400,1,1,0,1,28,15,125,8,148,0.049712419509887695,0.3359,1.9262,0,1,0,3,0
888,551619,2,rule_based_agent_1,rule_based_agent,0,400,1,1,0,1,26,8,59,5,72,0.021274566650390625,0.2955,1.009,0,1,0,3,0
888,551619,3,rule_based_agent_2,rule_based_agent,1,400,3,3,0,0,46,28,355,8,400,0.19537663459777832,0.4884,1.9481,0,0,0,2,0
889,551620,0,benedict_task4,benedict_task4,0,398,6,1,1,1,25,47,315,9,394,0.045827388763427734,0.1163,0.598,0,1,0,2,0
889,551620,1,rule_based_agent_0,rule_based_agent,1,398,7,2,1,0,32,35,339,12,398,0.2100071907043457,0.5277,1.8702,0,0,0,1,1
889,551620,2,rule_based_agent_1,rule_based_agent,0,398,4,4,0,0,38,13,147,7,167,0.049906015396118164,0.2988,1.4951,0,1,1,3,0
889,551620,3,rule_based_agent_2,rule_based_agent,0,398,2,2,0,1,34,22,191,9,222,0.09112811088562012,0.4105,1.982,0,1,0,4,0
890,551621,0,benedict_task4,benedict_task4,1,400,3,3,0,0,45,46,315,8,400,0.04051947593688965,0.1013,0.572,0,0,0,2,0
890,551621,1,rule_based_agent_0,rule_based_agent,0,400,3,3,0,1,21,12,160,4,176,0.07237362861633301,0.4112,1.8411,0,1,0,2,0
890,551621,2,rule_based_agent_1,rule_based_agent,0,400,1,1,0,1,17,6,65,7,78,0.02146434783935547,0.2752,1.4291,0,1,0,4,0
890,551621,3,rule_based_agent_2,rule_based_agent,1,400,7,2,1,0,40,31,355,5,400,0.19071054458618164,0.4768,1.7788,0,0,0,1,1
891,551622,0,benedict_task4,benedict_task4,0,243,1,1,0,1,34,25,188,3,239,0.02286696434020996,0.0957,0.4842,0,1,0,4,0
891,551622,1,rule_based_agent_0,rule_based_agent,0,243,3,3,0,1,25,20,203,14,237,0.14001035690307617,0.5908,2.1839,0,1,0,3,0
891,551622,2,rule_based_agent_1,rule_based_agent,1,243,6,1,1,0,24,19,214,6,243,0.11871218681335449,0.4885,1.833,0,0,0,1,1
891,551622,3,rule_based_agent_2,rule_based_agent,0,243,4,4,0,1,31,13,115,6,134,0.04376626014709473,0.3266,1.7679,0,1,0,2,0
892,551623,0,benedict_task4,benedict_task4,0,305,5,5,0,1,23,16,125,5,155,0.007108926773071289,0.0459,0.1538,0,1,0,1,1
892,551623,1,rule_based_agent_0,rule_based_agent,0,305,0,0,0,1,35,28,261,11,301,0.1347038745880127,0.4475,2.0261,0,1,0,4,0
892,551623,2,rule_based_agent_1,rule_based_agent,1,305,1,1,0,0,36,23,268,10,305,0.1431565284729004,0.4694,2.058,0,0,0,3,0
892,551623,3,rule_based_agent_2,rule_based_agent,0,305,3,3,0,1,31,13,125,4,142,0.05527210235595703,0.3892,2.0697,0,1,0,2,0
893,551624,0,benedict_task4,benedict_task4,0,260,3,3,0,1,31,12,92,1,117,0.004970073699951172,0.0425,0.196,0,1,0,2,0
893,551624,1,rule_based_agent_0,rule_based_agent,0,260,0,0,0,0,33,11,104,1,116,0.03989434242248535,0.3439,1.5299,0,1,1,4,0
893,551624,2,rule_based_agent_1,rule_based_agent,0,260,1,1,0,1,18,5,42,2,49,0.013885021209716797,0.2834,0.8721,0,1,0,3,0
893,551624,3,rule_based_agent_2,rule_based_agent,1,260,15,5,2,0,40,21,234,1,260,0.16958022117614746,0.6522,1.9877,0,0,0,1,1
894,551625,0,benedict_task4,benedict_task4,0,306,2,2,0,0,17,9,58,3,80,0.0022704601287841797,0.0284,0.1233,0,1,1,3,0
894,551625,1,rule_based_agent_0,rule_based_agent,0,306,6,1,1,1,39,26,247,9,282,0.12976765632629395,0.4602,2.0573,0,1,0,1,1
894,551625,2,rule_based_agent_1,rule_based_agent,0,306,0,0,0,1,28,11,116,2,129,0.04295516014099121,0.333,1.7731,0,1,0,4,0
894,551625,3,rule_based_agent_2,rule_based_agent,1,306,6,6,0,0,38,29,273,4,306,0.14267277717590332,0.4663,2.0821,0,0,0,1,1
895,551626,0,benedict_task4,benedict_task4,0,324,9,4,1,1,37,35,257,6,320,0.02060699462890625,0.0644,0.4861,0,1,0,1,1
895,551626,1,rule_based_agent_0,rule_based_agent,0,324,3,3,0,1,29,18,182,7,207,0.09322786331176758,0.4504,2.1801,0,1,0,2,0
895,551626,2,rule_based_agent_1,rule_based_agent,0,324,2,2,0,0,22,22,235,6,263,0.1187434196472168,0.4515,2.1241,0,1,1,3,0
895,551626,3,rule_based_agent_2,rule_based_agent,1,324,0,0,0,0,29,26,279,12,324,0.1529531478881836,0.4721,2.0809,0,0,0,4,0
896,551627,0,benedict_task4,benedict_task4,0,366,5,5,0,1,26,37,296,6,362,0.037015676498413086,0.1023,0.5119,0,1,0,2,0
896,551627,1,rule_based_agent_0,rule_based_agent,1,366,6,1,1,0,29,34,311,11,366,0.1572279930114746,0.4296,1.826,0,0,0,1,1
896,551627,2,rule_based_agent_1,rule_based_agent,0,366,2,2,0,1,40,22,224,11,257,0.08784103393554688,0.3418,1.7312,0,1,0,3,0
896,551627,3,rule_based_agent_2,rule_based_agent,0,366,1,1,0,1,25,22,224,13,260,0.120086669921875,0.4619,1.837,0,1,0,4,0
897,551628,0,benedict_task4,benedict_task4,1,400,2,2,0,0,42,42,317,6,400,0.02908468246459961,0.0727,0.6042,0,0,0,3,0
897,551628,1,rule_based_agent_0,rule_based_agent,0,400,3,3,0,1,28,12,107,4,123,0.03508949279785156,0.2853,1.6122,0,1,0,2,0
897,551628,2,rule_based_agent_1,rule_based_agent,0,400,0,0,0,1,24,7,54,2,63,0.01614546775817871,0.2563,0.6459,0,1,0,4,0
897,551628,3,rule_based_agent_2,rule_based_agent,1,400,4,4,0,0,35,28,367,2,400,0.19054865837097168,0.4764,2.1698,0,0,0,1,1
898,551629,0,benedict_task4,benedict_task4,1,400,9,4,1,0,44,42,321,7,400,0.04327988624572754,0.1082,0.5503,0,0,0,1,1
898,551629,1,rule_based_agent_0,rule_based_agent,1,400,0,0,0,0,33,32,344,20,400,0.24519944190979004,0.613,2.4881,0,0,0,4,0
898,551629,2,rule_based_agent_1,rule_based_agent,0,400,2,2,0,1,31,30,273,17,320,0.1704850196838379,0.5328,1.996,0,1,0,3,0
898,551629,3,rule_based_agent_2,rule_based_agent,0,400,3,3,0,1,25,8,55,2,65,0.01739335060119629,0.2676,0.7589,0,1,0,2,0
899,551630,0,benedict_task4,benedict_task4,1,400,3,3,0,0,42,46,321,2,400,0.03254222869873047,0.0814,1.0898,0,0,0,1,1
899,551630,1,rule_based_agent_0,rule_based_agent,0,400,2,2,0,1,23,9,73,7,89,0.024046659469604492,0.2702,0.9308,0,1,0,3,0
899,551630,2,rule_based_agent_1,rule_based_agent,0,400,3,3,0,1,25,9,79,9,97,0.024413585662841797,0.2517,0.814,0,1,0,1,1
899,551630,3,rule_based_agent_2,rule_based_agent,1,400,1,1,0,0,34,31,354,10,400,0.20293378829956055,0.5073,2.0471,0,0,0,4,0
900,551631,0,benedict_task4,benedict_task4,0,289,9,4,1,1,32,33,228,2,281,0.02255415916442871,0.0803,0.5782,0,1,0,1,1
900,551631,1,rule_based_agent_0,rule_based_agent,1,289,5,0,1,0,30,27,243,10,289,0.1391000747680664,0.4813,2.0461,0,0,0,2,0
900,551631,2,rule_based_agent_1,rule_based_agent,0,289,3,3,0,0,27,14,124,5,143,0.04751157760620117,0.3322,1.8768,0,1,1,3,0
900,551631,3,rule_based_agent_2,rule_based_agent,0,289,2,2,0,1,38,20,197,5,223,0.09354758262634277,0.4195,1.8749,0,1,0,4,0
901,551632,0,benedict_task4,benedict_task4,0,258,2,2,0,1,33,30,201,2,254,0.01666712760925293,0.0656,0.5083,0,1,0,2,0
901,551632,1,rule_based_agent_0,rule_based_agent,0,258,2,2,0,1,26,8,68,3,79,0.017582178115844727,0.2226,0.6151,0,1,0,2,0
901,551632,2,rule_based_agent_1,rule_based_agent,0,258,2,2,0,1,21,15,175,10,200,0.07729983329772949,0.3865,1.9479,0,1,0,2,0
901,551632,3,rule_based_agent_2,rule_based_agent,1,258,3,3,0,0,35,23,225,4,258,0.10843896865844727,0.4203,1.9169,0,0,0,1,1
902,551633,0,benedict_task4,benedict_task4,1,400,3,3,0,0,31,47,304,18,400,0.045420169830322266,0.1136,0.6211,0,0,0,2,0
902,551633,1,rule_based_agent_0,rule_based_agent,0,400,7,2,1,1,19,27,283,13,330,0.16754794120788574,0.5077,1.9069,0,1,0,1,1
902,551633,2,rule_based_agent_1,rule_based_agent,0,400,1,1,0,1,27,10,101,2,113,0.03331732749938965,0.2948,0.89,0,1,0,4,0
902,551633,3,rule_based_agent_2,rule_based_agent,0,400,3,3,0,1,36,17,177,5,199,0.0856161117553711,0.4302,1.8401,0,1,0,2,0
903,551634,0,benedict_task4,benedict_task4,0,183,5,5,0,1,31,17,120,2,156,0.004943132400512695,0.0317,0.1512,0,1,0,1,1
903,551634,1,rule_based_agent_0,rule_based_agent,1,183,5,0,1,0,40,15,164,0,183,0.08147120475769043,0.4452,1.9441,0,0,0,1,1
903,551634,2,rule_based_agent_1,rule_based_agent,0,183,2,2,0,1,14,6,50,2,58,0.015797853469848633,0.2724,0.6881,0,1,0,3,0
903,551634,3,rule_based_agent_2,rule_based_agent,0,183,2,2,0,1,25,9,95,4,108,0.027493953704833984,0.2546,1.1299,0,1,0,3,0
904,551635,0,benedict_task4,benedict_task4,1,400,1,1,0,0,38,42,322,7,400,0.03592658042907715,0.0898,0.6096,0,0,0,4,0
904,551635,1,rule_based_agent_0,rule_based_agent,1,400,3,3,0,0,48,33,351,10,400,0.20591497421264648,0.5148,2.0988,0,0,0,1,1
904,551635,2,rule_based_agent_1,rule_based_agent,0,400,2,2,0,1,19,6,45,5,56,0.01683807373046875,0.3007,0.9141,0,1,0,3,0
904,551635,3,rule_based_agent_2,rule_based_agent,0,400,3,3,0,1,25,9,82,4,95,0.019027233123779297,0.2003,0.5832,0,1,0,1,1
905,551636,0,benedict_task4,benedict_task4,1,400,0,0,0,0,34,46,315,10,400,0.039420127868652344,0.0986,0.52,0,0,0,4,0
905,551636,1,rule_based_agent_0,rule_based_agent,0,400,3,3,0,1,20,8,71,5,84,0.028050899505615234,0.3339,2.0308,0,1,0,2,0
905,551636,2,rule_based_agent_1,rule_based_agent,1,400,2,2,0,0,36,26,355,5,400,0.1920764446258545,0.4802,2.1098,0,0,0,3,0
905,551636,3,rule_based_agent_2,rule_based_agent,0,400,4,4,0,1,31,14,131,4,149,0.054927825927734375,0.3686,2.0969,0,1,0,1,1
906,551637,0,benedict_task4,benedict_task4,1,400,4,4,0,0,33,50,288,35,400,0.037218332290649414,0.093,0.519,0,0,0,2,0
906,551637,1,rule_based_agent_0,rule_based_agent,0,400,7,2,1,1,37,23,187,7,217,0.129927396774292,0.5987,1.9763,0,1,0,1,1
906,551637,2,rule_based_agent_1,rule_based_agent,0,400,3,3,0,0,33,15,197,5,217,0.10576605796813965,0.4874,2.5082,0,1,1,3,0
906,551637,3,rule_based_agent_2,rule_based_agent,0,400,0,0,0,1,20,23,218,10,252,0.12843632698059082,0.5097,2.176,0,1,0,4,0
907,551638,0,benedict_task4,benedict_task4,0,256,4,4,0,1,43,29,199,3,252,0.017377853393554688,0.069,0.5381,0,1,0,1,1
907,551638,1,rule_based_agent_0,rule_based_agent,0,256,1,1,0,1,27,9,75,8,92,0.024280309677124023,0.2639,1.359,0,1,0,4,0
907,551638,2,rule_based_agent_1,rule_based_agent,0,256,2,2,0,1,23,8,69,5,82,0.019487380981445312,0.2377,1.4143,0,1,0,2,0
907,551638,3,rule_based_agent_2,rule_based_agent,1,256,2,2,0,0,41,18,231,2,256,0.08862876892089844,0.3462,1.7798,0,0,0,2,0
908,551639,0,benedict_task4,benedict_task4,0,400,1,1,0,1,23,16,98,2,131,0.00394892692565918,0.0301,0.1559,0,1,0,3,0
908,551639,1,rule_based_agent_0,rule_based_agent,1,400,4,4,0,0,47,35,360,5,400,0.19217371940612793,0.4804,2.3019,0,0,0,2,0
908,551639,2,rule_based_agent_1,rule_based_agent,1,400,8,3,1,0,28,34,361,5,400,0.2038414478302002,0.5096,2.2039,0,0,0,1,1
908,551639,3,rule_based_agent_2,rule_based_agent,0,400,1,1,0,0,20,7,77,5,89,0.02396106719970703,0.2692,1.6291,0,1,1,3,0
909,551640,0,benedict_task4,benedict_task4,1,400,2,2,0,0,55,52,279,41,400,0.04498863220214844,0.1125,0.4971,0,0,0,2,0
909,551640,1,rule_based_agent_0,rule_based_agent,0,400,1,1,0,1,25,10,91,6,107,0.02475142478942871,0.2313,0.8168,0,1,0,3,0
909,551640,2,rule_based_agent_1,rule_based_agent,0,400,1,1,0,1,18,8,77,6,91,0.02547931671142578,0.28,1.498,0,1,0,3,0
909,551640,3,rule_based_agent_2,rule_based_agent,0,400,5,5,0,1,22,12,161,6,179,0.06928253173828125,0.3871,2.027,0,1,0,1,1
910,551641,0,benedict_task4,benedict_task4,0,400,6,1,1,1,28,21,156,6,203,0.012108325958251953,0.0596,0.2561,0,1,0,2,0
910,551641,1,rule_based_agent_0,rule_based_agent,0,400,0,0,0,0,30,10,85,7,102,0.029107332229614258,0.2854,1.0571,0,1,1,4,0
910,551641,2,rule_based_agent_1,rule_based_agent,1,400,4,4,0,0,33,26,364,10,400,0.21498894691467285,0.5375,1.9598,0,0,0,3,0
910,551641,3,rule_based_agent_2,rule_based_agent,1,400,9,4,1,0,40,25,371,4,400,0.24573445320129395,0.6143,1.9221,0,0,0,1,1
911,551642,0,benedict_task4,benedict_task4,0,400,3,3,0,1,30,9,62,1,81,0.00286865234375,0.0354,0.1261,0,1,0,1,1
911,551642,1,rule_based_agent_0,rule_based_agent,1,400,3,3,0,0,33,22,375,3,400,0.2729766368865967,0.6824,2.1341,0,0,0,1,1
911,551642,2,rule_based_agent_1,rule_based_agent,1,400,3,3,0,0,31,20,374,6,400,0.2621746063232422,0.6554,1.8811,0,0,0,1,1
911,551642,3,rule_based_agent_2,rule_based_agent,0,400,0,0,0,1,29,10,100,4,114,0.0558466911315918,0.4899,2.208,0,1,0,4,0
912,551643,0,benedict_task4,benedict_task4,0,400,0,0,0,1,18,10,66,1,83,0.003312826156616211,0.0399,0.1471,0,1,0,4,0
912,551643,1,rule_based_agent_0,rule_based_agent,1,400,1,1,0,0,27,29,361,9,400,0.22329497337341309,0.5582,2.1303,0,0,0,3,0
912,551643,2,rule_based_agent_1,rule_based_agent,1,400,4,4,0,0,28,26,364,9,400,0.2223365306854248,0.5558,2.0113,0,0,0,1,1
912,551643,3,rule_based_agent_2,rule_based_agent,0,400,4,4,0,1,44,15,145,4,164,0.05383419990539551,0.3283,2.089,0,1,0,1,1
913,551644,0,benedict_task4,benedict_task4,0,400,2,2,0,1,24,18,113,3,149,0.0061266422271728516,0.0411,0.2093,0,1,0,2,0
913,551644,1,rule_based_agent_0,rule_based_agent,1,400,5,5,0,0,37,35,352,13,400,0.17604422569274902,0.4401,1.8401,0,0,0,1,1
913,551644,2,rule_based_agent_1,rule_based_agent,0,400,1,1,0,1,22,8,67,5,80,0.020122051239013672,0.2515,1.2131,0,1,0,3,0
913,551644,3,rule_based_agent_2,rule_based_agent,1,400,1,1,0,0,38,36,355,9,400,0.17307019233703613,0.4327,1.9567,0,0,0,3,0
914,551645,0,benedict_task4,benedict_task4,0,341,7,2,1,1,32,38,269,6,337,0.028778791427612305,0.0854,0.5109,0,1,0,1,1
914,551645,1,rule_based_agent_0,rule_based_agent,1,341,3,3,0,0,29,25,297,11,341,0.15883612632751465,0.4658,1.8749,0,0,0,2,0
914,551645,2,rule_based_agent_1,rule_based_agent,0,341,3,3,0,1,27,12,126,6,144,0.04082441329956055,0.2835,1.7762,0,1,0,2,0
914,551645,3,rule_based_agent_2,rule_based_agent,0,341,1,1,0,1,30,6,45,1,52,0.01328420639038086,0.2555,0.6502,0,1,0,4,0
915,551646,0,benedict_task4,benedict_task4,0,230,2,2,0,1,31,15,107,1,132,0.005717039108276367,0.0433,0.113,0,1,0,2,0
915,551646,1,rule_based_agent_0,rule_based_agent,0,230,0,0,0,1,24,7,55,4,66,0.01505279541015625,0.2281,0.8051,0,1,0,4,0
915,551646,2,rule_based_agent_1,rule_based_agent,0,230,2,2,0,1,31,9,94,2,105,0.02128314971923828,0.2027,0.4721,0,1,0,2,0
915,551646,3,rule_based_agent_2,rule_based_agent,1,230,5,5,0,0,44,21,204,1,230,0.14180302619934082,0.6165,2.1451,0,0,0,1,1
916,551647,0,benedict_task4,benedict_task4,0,400,1,1,0,1,27,17,112,1,142,0.0072247982025146484,0.0509,0.237,0,1,0,4,0
916,551647,1,rule_based_agent_0,rule_based_agent,0,400,2,2,0,0,26,21,193,7,221,0.0950615406036377,0.4301,2.1491,0,1,1,3,0
916,551647,2,rule_based_agent_1,rule_based_agent,1,400,8,3,1,0,20,42,337,21,400,0.20676088333129883,0.5169,2.1381,0,0,0,1,1
916,551647,3,rule_based_agent_2,rule_based_agent,1,400,3,3,0,0,52,40,347,13,400,0.19251418113708496,0.4813,1.8682,0,0,0,2,0
917,551648,0,benedict_task4,benedict_task4,0,268,2,2,0,0,28,15,114,1,146,0.006639003753662109,0.0455,0.2189,0,1,1,2,0
917,551648,1,rule_based_agent_0,rule_based_agent,0,268,1,1,0,1,43,27,227,9,264,0.11702227592468262,0.4433,1.8709,0,1,0,3,0
917,551648,2,rule_based_agent_1,rule_based_agent,1,268,15,5,2,0,28,24,230,10,268,0.11699295043945312,0.4365,1.9867,0,0,0,1,1
917,551648,3,rule_based_agent_2,rule_based_agent,0,268,1,1,0,0,25,13,155,6,174,0.0670318603515625,0.3852,1.5781,0,1,1,3,0
918,551649,0,benedict_task4,benedict_task4,1,400,2,2,0,0,22,50,285,42,400,0.04845261573791504,0.1211,0.5062,0,0,0,2,0
918,551649,1,rule_based_agent_0,rule_based_agent,0,400,1,1,0,1,19,5,35,4,44,0.009177684783935547,0.2086,0.473,0,1,0,4,0
918,551649,2,rule_based_agent_1,rule_based_agent,0,400,4,4,0,1,39,19,166,6,191,0.07587409019470215,0.3972,1.8103,0,1,0,1,1
918,551649,3,rule_based_agent_2,rule_based_agent,0,400,2,2,0,1,40,20,190,6,218,0.0778360366821289,0.357,1.6971,0,1,0,2,0
919,551650,0,benedict_task4,benedict_task4,0,400,1,1,0,0,49,29,203,4,261,0.0173189640045166,0.0664,0.5231,0,1,1,4,0
919,551650,1,rule_based_agent_0,rule_based_agent,0,400,5,5,0,1,29,9,85,6,100,0.02313375473022461,0.2313,0.715,0,1,0,2,0
919,551650,2,rule_based_agent_1,rule_based_agent,1,400,2,2,0,0,36,28,361,11,400,0.2333834171295166,0.5835,1.7772,0,0,0,3,0
919,551650,3,rule_based_agent_2,rule_based_agent,1,400,6,1,1,0,17,26,362,11,400,0.22529172897338867,0.5632,1.9,0,0,0,1,1
920,551651,0,benedict_task4,benedict_task4,1,400,7,2,1,0,25,46,306,26,400,0.04570722579956055,0.1143,0.5839,0,0,0,1,1
920,551651,1,rule_based_agent_0,rule_based_agent,0,400,1,1,0,1,27,9,83,1,93,0.023392200469970703,0.2515,0.6058,0,1,0,4,0
920,551651,2,rule_based_agent_1,rule_based_agent,0,400,6,1,1,1,35,26,241,17,286,0.13812851905822754,0.483,2.198,0,1,0,2,0
920,551651,3,rule_based_agent_2,rule_based_agent,0,400,5,5,0,1,43,21,213,12,246,0.11460399627685547,0.4659,2.058,0,1,0,3,0
921,551652,0,benedict_task4,benedict_task4,1,400,3,3,0,0,33,46,326,7,400,0.043718814849853516,0.1093,0.5441,0,0,0,2,0
921,551652,1,rule_based_agent_0,rule_based_agent,0,400,1,1,0,1,23,25,269,14,311,0.15301728248596191,0.492,1.8828,0,1,0,3,0
921,551652,2,rule_based_agent_1,rule_based_agent,1,400,5,5,0,0,36,35,349,9,400,0.20557475090026855,0.5139,2.0361,0,0,0,1,1
921,551652,3,rule_based_agent_2,rule_based_agent,0,400,0,0,0,1,22,7,51,2,60,0.018635034561157227,0.3106,1.375,0,1,0,4,0
922,551653,0,benedict_task4,benedict_task4,0,308,3,3,0,1,35,35,237,4,304,0.024827241897583008,0.0817,0.6027,0,1,0,1,1
922,551653,1,rule_based_agent_0,rule_based_agent,0,308,1,1,0,1,30,12,107,5,124,0.04758954048156738,0.3838,1.0202,0,1,0,4,0
922,551653,2,rule_based_agent_1,rule_based_agent,1,308,2,2,0,0,33,26,269,5,308,0.15357303619384766,0.4986,2.0497,0,0,0,3,0
922,551653,3,rule_based_agent_2,rule_based_agent,0,308,3,3,0,1,32,14,153,6,173,0.07614254951477051,0.4401,1.8971,0,1,0,1,1
923,551654,0,benedict_task4,benedict_task4,0,400,3,3,0,0,36,25,182,2,220,0.01465749740600586,0.0666,0.5109,0,1,1,2,0
923,551654,1,rule_based_agent_0,rule_based_agent,1,400,2,2,0,0,34,22,362,15,400,0.24929594993591309,0.6232,1.9388,0,0,0,4,0
923,551654,2,rule_based_agent_1,rule_based_agent,0,400,3,3,0,1,21,20,212,8,241,0.11278510093688965,0.468,2.0039,0,1,0,2,0
923,551654,3,rule_based_agent_2,rule_based_agent,1,400,11,1,2,0,28,24,371,5,400,0.25329136848449707,0.6332,2.0382,0,0,0,1,1
924,551655,0,benedict_task4,benedict_task4,0,400,2,2,0,1,31,23,162,9,206,0.011583089828491211,0.0562,0.4392,0,1,0,2,0
924,551655,1,rule_based_agent_0,rule_based_agent,1,400,5,5,0,0,25,23,369,7,400,0.260054349899292,0.6501,2.316,0,0,0,1,1
924,551655,2,rule_based_agent_1,rule_based_agent,0,400,2,2,0,1,32,21,203,12,237,0.1246635913848877,0.526,2.2478,0,1,0,2,0
924,551655,3,rule_based_agent_2,rule_based_agent,1,400,0,0,0,0,33,26,356,17,400,0.26685166358947754,0.6671,2.0049,0,0,0,4,0
925,551656,0,benedict_task4,benedict_task4,0,400,2,2,0,1,41,26,193,1,238,0.015128374099731445,0.0636,0.5209,0,1,0,2,0
925,551656,1,rule_based_agent_0,rule_based_agent,0,400,1,1,0,1,11,6,47,2,55,0.013596534729003906,0.2472,0.911,0,1,0,3,0
925,551656,2,rule_based_agent_1,rule_based_agent,1,400,6,6,0,0,38,31,364,2,400,0.19020795822143555,0.4755,1.828,0,0,0,1,1
925,551656,3,rule_based_agent_2,rule_based_agent,1,400,0,0,0,0,38,34,353,12,400,0.21328520774841309,0.5332,1.7958,0,0,0,4,0
926,551657,0,benedict_task4,benedict_task4,0,400,2,2,0,1,35,30,224,2,279,0.024794578552246094,0.0889,0.55,0,1,0,3,0
926,551657,1,rule_based_agent_0,rule_based_agent,1,400,6,1,1,0,29,28,364,8,400,0.2709071636199951,0.6773,2.089,0,0,0,1,1
926,551657,2,rule_based_agent_1,rule_based_agent,0,400,4,4,0,0,18,8,82,5,95,0.02603769302368164,0.2741,0.7632,0,1,1,2,0
926,551657,3,rule_based_agent_2,rule_based_agent,1,400,2,2,0,0,30,27,357,15,400,0.2295691967010498,0.5739,2.8558,0,0,0,3,0
927,551658,0,benedict_task4,benedict_task4,0,245,1,1,0,0,16,6,31,3,47,0.001895904541015625,0.0403,0.1748,0,1,1,4,0
927,551658,1,rule_based_agent_0,rule_based_agent,1,245,8,3,1,0,51,22,216,3,245,0.13976716995239258,0.5705,2.1241,0,0,0,1,1
927,551658,2,rule_based_agent_1,rule_based_agent,0,245,4,4,0,1,37,11,85,6,102,0.024796485900878906,0.2431,1.0729,0,1,0,3,0
927,551658,3,rule_based_agent_2,rule_based_agent,0,245,6,1,1,1,23,13,128,4,145,0.06665563583374023,0.4597,2.2829,0,1,0,2,0
928,551659,0,benedict_task4,benedict_task4,1,400,4,4,0,0,37,46,308,21,400,0.045053958892822266,0.1126,0.6149,0,0,0,2,0
928,551659,1,rule_based_agent_0,rule_based_agent,0,400,2,2,0,1,27,27,234,9,270,0.13271045684814453,0.4915,1.853,0,1,0,3,0
928,551659,2,rule_based_agent_1,rule_based_agent,0,400,12,2,2,1,24,33,265,16,318,0.16133642196655273,0.5073,1.899,0,1,0,1,1
928,551659,3,rule_based_agent_2,rule_based_agent,0,400,1,1,0,1,27,12,91,5,108,0.0263214111328125,0.2437,0.6897,0,1,0,4,0
929,551660,0,benedict_task4,benedict_task4,1,400,7,2,1,0,32,51,281,43,400,0.04146313667297363,0.1037,0.4761,0,0,0,1,1
929,551660,1,rule_based_agent_0,rule_based_agent,0,400,3,3,0,1,25,17,161,4,182,0.06107950210571289,0.3356,1.4827,0,1,0,2,0
929,551660,2,rule_based_agent_1,rule_based_agent,0,400,2,2,0,1,34,17,145,10,172,0.06399178504943848,0.372,1.909,0,1,0,3,0
929,551660,3,rule_based_agent_2,rule_based_agent,0,400,2,2,0,1,30,17,179,10,206,0.09110236167907715,0.4422,1.853,0,1,0,3,0
930,551661,0,benedict_task4,benedict_task4,0,233,5,0,1,1,32,15,107,1,135,0.00817728042602539,0.0606,0.2661,0,1,0,1,1
930,551661,1,rule_based_agent_0,rule_based_agent,0,233,3,3,0,1,26,9,73,4,86,0.019856929779052734,0.2309,1.2391,0,1,0,3,0
930,551661,2,rule_based_agent_1,rule_based_agent,0,233,2,2,0,0,32,8,92,1,101,0.02904963493347168,0.2876,0.7811,0,1,1,4,0
930,551661,3,rule_based_agent_2,rule_based_agent,1,233,4,4,0,0,41,15,217,1,233,0.14337897300720215,0.6154,2.1009,0,0,0,2,0
931,551662,0,benedict_task4,benedict_task4,0,251,1,1,0,0,20,14,87,3,111,0.004961252212524414,0.0447,0.1848,0,1,1,3,0
931,551662,1,rule_based_agent_0,rule_based_agent,0,251,3,3,0,1,48,22,215,8,247,0.12940001487731934,0.5239,2.1412,0,1,0,2,0
931,551662,2,rule_based_agent_1,rule_based_agent,0,251,1,1,0,1,23,7,45,4,56,0.013311386108398438,0.2377,0.5639,0,1,0,3,0
931,551662,3,rule_based_agent_2,rule_based_agent,1,251,9,4,1,0,33,22,216,6,251,0.1460881233215332,0.582,2.1291,0,0,0,1,1
932,551663,0,benedict_task4,benedict_task4,0,351,5,5,0,1,29,34,254,3,314,0.03012251853942871,0.0959,1.431,0,1,0,2,0
932,551663,1,rule_based_agent_0,rule_based_agent,0,351,1,1,0,0,24,10,79,4,93,0.026852846145629883,0.2887,1.1711,0,1,1,4,0
932,551663,2,rule_based_agent_1,rule_based_agent,0,351,2,2,0,1,41,32,301,14,347,0.1446363925933838,0.4168,1.8733,0,1,0,3,0
932,551663,3,rule_based_agent_2,rule_based_agent,1,351,6,1,1,0,23,27,306,14,351,0.18092775344848633,0.5155,1.8568,0,0,0,1,1
933,551664,0,benedict_task4,benedict_task4,1,400,1,1,0,0,27,48,322,9,400,0.04305577278137207,0.1076,0.5081,0,0,0,4,0
933,551664,1,rule_based_agent_0,rule_based_agent,0,400,2,2,0,1,34,13,132,6,151,0.04447579383850098,0.2945,1.21,0,1,0,2,0
933,551664,2,rule_based_agent_1,rule_based_agent,1,400,9,4,1,0,22,30,348,10,400,0.2006700038909912,0.5017,1.7869,0,0,0,1,1
933,551664,3,rule_based_agent_2,rule_based_agent,0,400,2,2,0,0,34,12,101,4,117,0.0286407470703125,0.2448,1.3571,0,1,1,2,0
934,551665,0,benedict_task4,benedict_task4,1,400,9,4,1,0,25,46,323,9,400,0.03283381462097168,0.0821,0.5372,0,0,0,1,1
934,551665,1,rule_based_agent_0,rule_based_agent,0,400,2,2,0,1,21,10,110,6,126,0.03736257553100586,0.2965,1.6472,0,1,0,3,0
934,551665,2,rule_based_agent_1,rule_based_agent,0,400,0,0,0,1,22,7,63,8,78,0.022876977920532227,0.2933,1.3061,0,1,0,4,0
934,551665,3,rule_based_agent_2,rule_based_agent,1,400,3,3,0,0,43,33,355,6,400,0.20691418647766113,0.5173,1.8399,0,0,0,2,0
935,551666,0,benedict_task4,benedict_task4,0,291,4,4,0,1,41,33,230,4,287,0.01953744888305664,0.0681,0.5312,0,1,0,1,1
935,551666,1,rule_based_agent_0,rule_based_agent,0,291,3,3,0,1,26,6,52,3,61,0.021579742431640625,0.3538,1.0059,0,1,0,2,0
935,551666,2,rule_based_agent_1,rule_based_agent,1,291,0,0,0,0,37,21,259,2,291,0.17350149154663086,0.5962,2.0318,0,0,0,4,0
935,551666,3,rule_based_agent_2,rule_based_agent,0,291,2,2,0,1,23,6,37,3,46,0.010104179382324219,0.2197,0.5181,0,1,0,3,0
936,551667,0,benedict_task4,benedict_task4,1,400,2,2,0,0,47,45,311,14,400,0.03755044937133789,0.0939,0.4759,0,0,0,3,0
936,551667,1,rule_based_agent_0,rule_based_agent,1,400,7,2,1,0,25,36,350,9,400,0.19186186790466309,0.4797,2.0521,0,0,0,1,1
936,551667,2,rule_based_agent_1,rule_based_agent,0,400,2,2,0,0,27,29,254,11,294,0.13084197044372559,0.445,1.9519,0,1,1,3,0
936,551667,3,rule_based_agent_2,rule_based_agent,0,400,3,3,0,1,24,12,107,4,123,0.04791903495788574,0.3896,1.6081,0,1,0,2,0
937,551668,0,benedict_task4,benedict_task4,1,400,7,2,1,0,39,46,313,7,400,0.04887962341308594,0.1222,0.4959,0,0,0,1,1
937,551668,1,rule_based_agent_0,rule_based_agent,1,400,3,3,0,0,26,33,348,9,400,0.23692798614501953,0.5923,1.8561,0,0,0,2,0
937,551668,2,rule_based_agent_1,rule_based_agent,0,400,2,2,0,1,34,19,187,7,215,0.10269308090209961,0.4776,1.8971,0,1,0,3,0
937,551668,3,rule_based_agent_2,rule_based_agent,0,400,2,2,0,0,22,9,83,3,95,0.027209043502807617,0.2864,1.503,0,1,1,3,0
938,551669,0,benedict_task4,benedict_task4,0,400,3,3,0,1,23,12,84,1,107,0.005083560943603516,0.0475,0.2081,0,1,0,2,0
938,551669,1,rule_based_agent_0,rule_based_agent,1,400,2,2,0,0,27,29,353,18,400,0.21660637855529785,0.5415,1.967,0,0,0,3,0
938,551669,2,rule_based_agent_1,rule_based_agent,1,400,7,2,1,0,39,29,350,20,400,0.19973397254943848,0.4993,2.0421,0,0,0,1,1
938,551669,3,rule_based_agent_2,rule_based_agent,1,400,2,2,0,0,24,28,362,9,400,0.17609405517578125,0.4402,1.8067,0,0,0,3,0
939,551670,0,benedict_task4,benedict_task4,0,400,3,3,0,1,27,30,227,5,279,0.030478477478027344,0.1092,0.6201,0,1,0,2,0
939,551670,1,rule_based_agent_0,rule_based_agent,1,400,2,2,0,0,31,29,359,11,400,0.22754907608032227,0.5689,1.9441,0,0,0,3,0
939,551670,2,rule_based_agent_1,rule_based_agent,1,400,4,4,0,0,32,29,348,22,400,0.24663853645324707,0.6166,1.9548,0,0,0,1,1
939,551670,3,rule_based_agent_2,rule_based_agent,0,400,0,0,0,1,30,12,125,6,143,0.055557966232299805,0.3885,1.9128,0,1,0,4,0
940,551671,0,benedict_task4,benedict_task4,0,394,2,2,0,1,23,10,62,2,82,0.004442453384399414,0.0542,0.226,0,1,0,3,0
940,551671,1,rule_based_agent_0,rule_based_agent,1,394,3,3,0,0,38,34,349,7,394,0.18966245651245117,0.4814,2.1431,0,0,0,1,1
940,551671,2,rule_based_agent_1,rule_based_agent,0,394,1,1,0,1,20,7,51,4,62,0.014252662658691406,0.2299,0.5639,0,1,0,4,0
940,551671,3,rule_based_agent_2,rule_based_agent,0,394,3,3,0,1,44,35,337,17,390,0.1817612648010254,0.4661,1.8067,0,1,0,1,1
941,551672,0,benedict_task4,benedict_task4,0,164,3,3,0,1,20,11,88,1,106,0.005094289779663086,0.0481,0.2351,0,1,0,1,1
941,551672,1,rule_based_agent_0,rule_based_agent,1,164,3,3,0,0,51,16,142,2,164,0.08494281768798828,0.5179,1.9681,0,0,0,1,1
941,551672,2,rule_based_agent_1,rule_based_agent,0,164,1,1,0,1,28,9,76,3,88,0.02925848960876465,0.3325,1.0631,0,1,0,4,0
941,551672,3,rule_based_agent_2,rule_based_agent,0,164,2,2,0,1,15,7,69,1,77,0.020389556884765625,0.2648,0.7222,0,1,0,3,0
942,551673,0,benedict_task4,benedict_task4,1,400,8,3,1,0,37,46,318,3,400,0.04313468933105469,0.1078,0.525,0,0,0,1,1
942,551673,1,rule_based_agent_0,rule_based_agent,0,400,1,1,0,0,21,8,54,2,64,0.013544559478759766,0.2116,0.5059,0,1,1,4,0
942,551673,2,rule_based_agent_1,rule_based_agent,0,400,3,3,0,0,45,30,272,17,319,0.1564934253692627,0.4906,1.9362,0,1,1,3,0
942,551673,3,rule_based_agent_2,rule_based_agent,1,400,7,2,1,0,28,38,337,20,400,0.19309210777282715,0.4827,2.3739,0,0,0,2,0
943,551674,0,benedict_task4,benedict_task4,0,268,4,4,0,0,23,21,170,2,206,0.012709617614746094,0.0617,0.4201,0,1,1,2,0
943,551674,1,rule_based_agent_0,rule_based_agent,0,268,2,2,0,1,47,24,223,17,264,0.12695860862731934,0.4809,1.9152,0,1,0,3,0
943,551674,2,rule_based_agent_1,rule_based_agent,1,268,2,2,0,0,18,26,224,14,268,0.13321208953857422,0.4971,1.9169,0,0,0,3,0
943,551674,3,rule_based_agent_2,rule_based_agent,0,268,6,1,1,1,34,21,209,14,244,0.10656428337097168,0.4367,2.804,0,1,0,1,1
944,551675,0,benedict_task4,benedict_task4,1,400,1,1,0,0,41,47,311,15,400,0.04223990440368652,0.1056,0.5782,0,0,0,3,0
944,551675,1,rule_based_agent_0,rule_based_agent,0,400,0,0,0,0,23,24,204,15,243,0.12051677703857422,0.496,1.8811,0,1,1,4,0
944,551675,2,rule_based_agent_1,rule_based_agent,0,400,10,5,1,1,32,19,213,11,243,0.08961248397827148,0.3688,1.7459,0,1,0,1,1
944,551675,3,rule_based_agent_2,rule_based_agent,1,400,3,3,0,0,29,31,354,7,400,0.20739173889160156,0.5185,2.1908,0,0,0,2,0
945,551676,0,benedict_task4,benedict_task4,0,288,3,3,0,1,34,31,227,3,284,0.01763606071472168,0.0621,0.509,0,1,0,1,1
945,551676,1,rule_based_agent_0,rule_based_agent,0,288,1,1,0,1,20,8,91,2,101,0.0334162712097168,0.3309,1.833,0,1,0,4,0
945,551676,2,rule_based_agent_1,rule_based_agent,0,288,2,2,0,1,31,7,64,1,72,0.027034997940063477,0.3755,1.3888,0,1,0,3,0
945,551676,3,rule_based_agent_2,rule_based_agent,1,288,3,3,0,0,40,22,249,9,288,0.13715076446533203,0.4762,2.1021,0,0,0,1,1
946,551677,0,benedict_task4,benedict_task4,0,400,3,3,0,1,41,23,176,3,222,0.010654449462890625,0.048,0.4082,0,1,0,3,0
946,551677,1,rule_based_agent_0,rule_based_agent,1,400,6,1,1,0,28,21,372,6,400,0.24215078353881836,0.6054,1.9481,0,0,0,2,0
946,551677,2,rule_based_agent_1,rule_based_agent,0,400,1,1,0,1,30,16,149,5,170,0.058767080307006836,0.3457,1.8959,0,1,0,4,0
946,551677,3,rule_based_agent_2,rule_based_agent,1,400,9,4,1,0,24,22,367,9,400,0.2515232563018799,0.6288,1.9121,0,0,0,1,1
947,551678,0,benedict_task4,benedict_task4,0,198,8,3,1,1,34,16,110,6,141,0.005357503890991211,0.038,0.1669,0,1,0,1,1
947,551678,1,rule_based_agent_0,rule_based_agent,1,198,2,2,0,0,46,17,176,1,198,0.09818482398986816,0.4959,2.075,0,0,0,3,0
947,551678,2,rule_based_agent_1,rule_based_agent,0,198,1,1,0,1,22,7,51,3,61,0.014038562774658203,0.2301,0.5591,0,1,0,4,0
947,551678,3,rule_based_agent_2,rule_based_agent,0,198,3,3,0,0,28,8,83,2,93,0.023164987564086914,0.2491,0.6912,0,1,1,2,0
948,551679,0,benedict_task4,benedict_task4,0,374,7,7,0,1,33,42,294,8,366,0.03954744338989258,0.1081,0.52,0,1,0,1,1
948,551679,1,rule_based_agent_0,rule_based_agent,1,374,0,0,0,0,29,33,315,13,374,0.20651626586914062,0.5522,3.3491,0,0,0,4,0
948,551679,2,rule_based_agent_1,rule_based_agent,0,374,1,1,0,1,15,9,85,7,101,0.04525423049926758,0.4481,2.0628,0,1,0,3,0
948,551679,3,rule_based_agent_2,rule_based_agent,0,374,6,1,1,1,40,21,191,3,215,0.09512758255004883,0.4425,2.0099,0,1,0,2,0
949,551680,0,benedict_task4,benedict_task4,1,400,0,0,0,0,33,46,327,3,400,0.05380082130432129,0.1345,0.6578,0,0,0,4,0
949,551680,1,rule_based_agent_0,rule_based_agent,1,400,7,2,1,0,16,28,352,11,400,0.22161507606506348,0.554,2.3022,0,0,0,1,1
949,551680,2,rule_based_agent_1,rule_based_agent,0,400,2,2,0,1,33,11,103,5,119,0.03620147705078125,0.3042,1.1342,0,1,0,3,0
949,551680,3,rule_based_agent_2,rule_based_agent,0,400,5,5,0,0,38,20,180,7,207,0.08550286293029785,0.4131,1.961,0,1,1,2,0
950,551681,0,benedict_task4,benedict_task4,1,400,4,4,0,0,34,42,323,9,400,0.041022539138793945,0.1026,0.6509,0,0,0,2,0
950,551681,1,rule_based_agent_0,rule_based_agent,0,400,8,3,1,1,43,22,181,11,214,0.08715701103210449,0.4073,2.1331,0,1,0,1,1
950,551681,2,rule_based_agent_1,rule_based_agent,1,400,1,1,0,0,32,31,352,8,400,0.20096445083618164,0.5024,2.0199,0,0,0,3,0
950,551681,3,rule_based_agent_2,rule_based_agent,0,400,1,1,0,0,21,15,177,10,202,0.0828094482421875,0.4099,2.037,0,1,1,3,0
951,551682,0,benedict_task4,benedict_task4,0,400,2,2,0,1,15,19,140,1,167,0.006125211715698242,0.0367,0.124,0,1,0,2,0
951,551682,1,rule_based_agent_0,rule_based_agent,0,400,2,2,0,1,32,9,81,5,95,0.026880979537963867,0.283,0.9327,0,1,0,2,0
951,551682,2,rule_based_agent_1,rule_based_agent,1,400,2,2,0,0,48,25,369,6,400,0.21772336959838867,0.5443,1.847,0,0,0,2,0
951,551682,3,rule_based_agent_2,rule_based_agent,1,400,3,3,0,0,34,23,374,3,400,0.23761391639709473,0.594,2.012,0,0,0,1,1
952,551683,0,benedict_task4,benedict_task4,1,400,8,3,1,0,45,47,311,9,400,0.04211544990539551,0.1053,0.5312,0,0,0,2,0
952,551683,1,rule_based_agent_0,rule_based_agent,0,400,9,4,1,1,30,19,175,17,211,0.10132193565368652,0.4802,2.003,0,1,0,1,1
952,551683,2,rule_based_agent_1,rule_based_agent,0,400,0,0,0,0,22,14,155,2,171,0.05619931221008301,0.3287,1.8373,0,1,1,4,0
952,551683,3,rule_based_agent_2,rule_based_agent,1,400,2,2,0,0,32,32,342,13,400,0.19721674919128418,0.493,1.9341,0,0,0,3,0
953,551684,0,benedict_task4,benedict_task4,0,255,4,4,0,1,30,20,136,4,180,0.006343364715576172,0.0352,0.1211,0,1,0,1,1
953,551684,1,rule_based_agent_0,rule_based_agent,1,255,2,2,0,0,33,19,233,3,255,0.11486124992370605,0.4504,2.311,0,0,0,2,0
953,551684,2,rule_based_agent_1,rule_based_agent,0,255,2,2,0,1,32,21,183,15,219,0.11362910270690918,0.5189,2.2452,0,1,0,2,0
953,551684,3,rule_based_agent_2,rule_based_agent,0,255,1,1,0,1,29,11,91,4,106,0.03754472732543945,0.3542,2.0039,0,1,0,4,0
954,551685,0,benedict_task4,benedict_task4,1,400,8,3,1,0,43,46,314,7,400,0.03321218490600586,0.083,0.5939,0,0,0,1,1
954,551685,1,rule_based_agent_0,rule_based_agent,0,400,0,0,0,0,16,7,45,4,56,0.012461423873901367,0.2225,0.6409,0,1,1,4,0
954,551685,2,rule_based_agent_1,rule_based_agent,0,400,5,5,0,0,28,11,115,3,129,0.041054725646972656,0.3183,2.0537,0,1,1,3,0
954,551685,3,rule_based_agent_2,rule_based_agent,1,400,6,1,1,0,44,26,356,9,400,0.2143709659576416,0.5359,1.9877,0,0,0,2,0
955,551686,0,benedict_task4,benedict_task4,0,400,1,1,0,1,24,10,65,2,82,0.003086090087890625,0.0376,0.16,0,1,0,3,0
955,551686,1,rule_based_agent_0,rule_based_agent,1,400,2,2,0,0,31,26,364,10,400,0.23017287254333496,0.5754,2.0761,0,0,0,2,0
955,551686,2,rule_based_agent_1,rule_based_agent,1,400,5,5,0,0,34,28,363,9,400,0.24450421333312988,0.6113,2.25,0,0,0,1,1
955,551686,3,rule_based_agent_2,rule_based_agent,0,400,1,1,0,1,26,9,71,2,82,0.019898414611816406,0.2427,0.864,0,1,0,3,0
956,551687,0,benedict_task4,benedict_task4,0,270,2,2,0,1,39,32,206,2,262,0.018549203872680664,0.0708,0.5729,0,1,0,3,0
956,551687,1,rule_based_agent_0,rule_based_agent,0,270,1,1,0,1,23,13,123,6,142,0.04761171340942383,0.3353,1.1492,0,1,0,4,0
956,551687,2,rule_based_agent_1,rule_based_agent,0,270,3,3,0,1,28,10,86,6,102,0.03220629692077637,0.3157,1.3351,0,1,0,1,1
956,551687,3,rule_based_agent_2,rule_based_agent,1,270,3,3,0,0,37,20,233,6,270,0.12210988998413086,0.4523,1.9269,0,0,0,1,1
957,551688,0,benedict_task4,benedict_task4,0,250,0,0,0,0,11,5,25,0,32,0.0011119842529296875,0.0347,0.0746,0,1,1,4,0
957,551688,1,rule_based_agent_0,rule_based_agent,0,250,3,3,0,1,23,7,59,3,69,0.015797138214111328,0.2289,0.5093,0,1,0,2,0
957,551688,2,rule_based_agent_1,rule_based_agent,1,250,10,5,1,0,59,23,222,1,250,0.15675044059753418,0.627,2.2418,0,0,0,1,1
957,551688,3,rule_based_agent_2,rule_based_agent,0,250,1,1,0,1,33,10,83,1,94,0.028566598892211914,0.3039,0.9279,0,1,0,3,0
958,551689,0,benedict_task4,benedict_task4,0,400,0,0,0,1,28,9,52,1,68,0.0031714439392089844,0.0466,0.617,0,1,0,4,0
958,551689,1,rule_based_agent_0,rule_based_agent,0,400,2,2,0,1,35,13,131,8,152,0.07664680480957031,0.5043,2.0981,0,1,0,3,0
958,551689,2,rule_based_agent_1,rule_based_agent,1,400,4,4,0,0,29,37,352,11,400,0.18543577194213867,0.4636,2.1031,0,0,0,1,1
958,551689,3,rule_based_agent_2,rule_based_agent,1,400,3,3,0,0,35,36,349,15,400,0.17275357246398926,0.4319,1.9929,0,0,0,2,0
959,551690,0,benedict_task4,benedict_task4,0,259,0,0,0,0,22,13,84,3,110,0.005218029022216797,0.0474,0.206,0,1,1,4,0
959,551690,1,rule_based_agent_0,rule_based_agent,1,259,7,2,1,0,37,23,226,6,259,0.12950611114501953,0.5,2.012,0,0,0,2,0
959,551690,2,rule_based_agent_1,rule_based_agent,0,259,4,4,0,1,18,16,155,4,175,0.054576873779296875,0.3119,1.6761,0,1,0,3,0
959,551690,3,rule_based_agent_2,rule_based_agent,0,259,8,3,1,0,46,13,94,1,108,0.029134511947631836,0.2698,1.1258,0,1,1,1,1
960,551691,0,benedict_task4,benedict_task4,1,400,1,1,0,0,29,48,288,35,400,0.04938650131225586,0.1235,0.6778,0,0,0,4,0
960,551691,1,rule_based_agent_0,rule_based_agent,0,400,7,2,1,1,33,21,183,10,214,0.09932971000671387,0.4642,1.8868,0,1,0,1,1
960,551691,2,rule_based_agent_1,rule_based_agent,0,400,4,4,0,1,29,23,219,9,252,0.13626694679260254,0.5407,1.9381,0,1,0,2,0
960,551691,3,rule_based_agent_2,rule_based_agent,0,400,2,2,0,1,37,19,144,13,176,0.07172250747680664,0.4075,1.9231,0,1,0,3,0
961,551692,0,benedict_task4,benedict_task4,0,227,5,5,0,1,25,22,173,7,223,0.01134181022644043,0.0509,0.427,0,1,0,1,1
961,551692,1,rule_based_agent_0,rule_based_agent,0,227,1,1,0,1,37,10,81,4,95,0.028823137283325195,0.3034,1.812,0,1,0,3,0
961,551692,2,rule_based_agent_1,rule_based_agent,1,227,3,3,0,0,39,20,199,3,227,0.10117769241333008,0.4457,2.157,0,0,0,2,0
961,551692,3,rule_based_agent_2,rule_based_agent,0,227,0,0,0,1,21,8,59,4,71,0.015990018844604492,0.2252,0.6731,0,1,0,4,0
962,551693,0,benedict_task4,benedict_task4,0,326,7,2,1,1,31,36,260,6,322,0.032698869705200195,0.1015,0.6421,0,1,0,2,0
962,551693,1,rule_based_agent_0,rule_based_agent,1,326,9,4,1,0,44,25,285,8,326,0.16148638725280762,0.4954,1.8432,0,0,0,1,1
962,551693,2,rule_based_agent_1,rule_based_agent,0,326,1,1,0,1,28,20,191,14,225,0.1059880256652832,0.4711,1.771,0,1,0,4,0
962,551693,3,rule_based_agent_2,rule_based_agent,0,326,7,2,1,1,21,25,217,12,255,0.09937381744384766,0.3897,1.884,0,1,0,2,0
963,551694,0,benedict_task4,benedict_task4,0,400,4,4,0,1,31,15,116,2,147,0.006598711013793945,0.0449,0.3331,0,1,0,2,0
963,551694,1,rule_based_agent_0,rule_based_agent,1,400,2,2,0,0,27,26,366,8,400,0.22624540328979492,0.5656,1.8661,0,0,0,3,0
963,551694,2,rule_based_agent_1,rule_based_agent,1,400,7,2,1,0,26,27,367,6,400,0.2275395393371582,0.5688,1.7748,0,0,0,1,1
963,551694,3,rule_based_agent_2,rule_based_agent,0,400,1,1,0,1,32,14,111,3,128,0.04796171188354492,0.3747,2.0123,0,1,0,4,0
964,551695,0,benedict_task4,benedict_task4,0,199,3,3,0,1,35,22,153,1,195,0.0076236724853515625,0.0391,0.4559,0,1,0,2,0
964,551695,1,rule_based_agent_0,rule_based_agent,0,199,3,3,0,1,15,7,76,3,86,0.019482135772705078,0.2265,0.663,0,1,0,2,0
964,551695,2,rule_based_agent_1,rule_based_agent,1,199,2,2,0,0,42,17,177,1,199,0.11662840843200684,0.5861,2.032,0,0,0,4,0
964,551695,3,rule_based_agent_2,rule_based_agent,0,199,6,1,1,1,24,7,77,2,86,0.024619579315185547,0.2863,1.4911,0,1,0,1,1
965,551696,0,benedict_task4,benedict_task4,0,230,0,0,0,1,13,4,18,1,28,0.0007340908050537109,0.0262,0.0648,0,1,0,4,0
965,551696,1,rule_based_agent_0,rule_based_agent,0,230,3,3,0,1,34,14,143,6,163,0.05428576469421387,0.333,2.0871,0,1,0,2,0
965,551696,2,rule_based_agent_1,rule_based_agent,1,230,5,5,0,0,50,21,204,1,230,0.1278669834136963,0.5559,2.219,0,0,0,1,1
965,551696,3,rule_based_agent_2,rule_based_agent,0,230,1,1,0,1,18,11,106,3,120,0.039724111557006836,0.331,1.2128,0,1,0,3,0
966,551697,0,benedict_task4,benedict_task4,0,279,7,2,1,1,40,30,219,4,275,0.020442962646484375,0.0743,0.5698,0,1,0,1,1
966,551697,1,rule_based_agent_0,rule_based_agent,1,279,2,2,0,0,32,25,239,8,279,0.1072535514831543,0.3844,1.9007,0,0,0,3,0
966,551697,2,rule_based_agent_1,rule_based_agent,0,279,2,2,0,1,12,5,36,2,43,0.008384943008422852,0.195,0.5169,0,1,0,3,0
966,551697,3,rule_based_agent_2,rule_based_agent,0,279,3,3,0,1,39,21,209,9,239,0.09426355361938477,0.3944,1.7838,0,1,0,2,0
967,551698,0,benedict_task4,benedict_task4,0,237,3,3,0,1,29,11,65,1,90,0.0025718212127685547,0.0286,0.0992,0,1,0,2,0
967,551698,1,rule_based_agent_0,rule_based_agent,1,237,6,6,0,0,51,21,212,0,237,0.17531752586364746,0.7397,2.3298,0,0,0,1,1
967,551698,2,rule_based_agent_1,rule_based_agent,0,237,0,0,0,1,27,9,91,3,103,0.03040909767150879,0.2952,1.641,0,1,0,3,0
967,551698,3,rule_based_agent_2,rule_based_agent,0,237,0,0,0,1,19,7,61,2,70,0.018744707107543945,0.2678,1.024,0,1,0,3,0
968,551699,0,benedict_task4,benedict_task4,0,400,6,6,0,1,43,42,326,4,400,0.04256892204284668,0.1064,0.5958,0,1,0,1,1
968,551699,1,rule_based_agent_0,rule_based_agent,1,400,0,0,0,0,20,40,345,15,400,0.19075393676757812,0.4769,1.9448,0,0,0,4,0
968,551699,2,rule_based_agent_1,rule_based_agent,0,400,2,2,0,1,33,11,91,3,105,0.026114225387573242,0.2487,1.1404,0,1,0,2,0
968,551699,3,rule_based_agent_2,rule_based_agent,1,400,1,1,0,0,31,39,345,14,400,0.19072628021240234,0.4768,2.285,0,0,0,3,0
969,551700,0,benedict_task4,benedict_task4,0,400,3,3,0,1,33,13,93,3,126,0.006484508514404297,0.0515,0.289,0,1,0,1,1
969,551700,1,rule_based_agent_0,rule_based_agent,1,400,2,2,0,0,33,18,378,3,400,0.2465653419494629,0.6164,1.7679,0,0,0,3,0
969,551700,2,rule_based_agent_1,rule_based_agent,0,400,1,1,0,1,27,15,137,7,159,0.059378623962402344,0.3735,1.9121,0,1,0,4,0
969,551700,3,rule_based_agent_2,rule_based_agent,1,400,3,3,0,0,27,19,375,6,400,0.27688026428222656,0.6922,1.9739,0,0,0,1,1
970,551701,0,benedict_task4,benedict_task4,0,400,12,2,2,1,33,46,314,6,393,0.04155111312866211,0.1057,1.3359,0,1,0,1,1
970,551701,1,rule_based_agent_0,rule_based_agent,0,400,3,3,0,0,26,10,103,3,116,0.030718326568603516,0.2648,0.8969,0,1,1,2,0
970,551701,2,rule_based_agent_1,rule_based_agent,0,400,2,2,0,0,26,8,73,7,88,0.02048945426940918,0.2328,0.756,0,1,1,3,0
970,551701,3,rule_based_agent_2,rule_based_agent,1,400,2,2,0,0,37,32,339,14,400,0.22290992736816406,0.5573,3.6497,0,0,0,3,0
971,551702,0,benedict_task4,benedict_task4,1,400,4,4,0,0,43,46,293,28,400,0.0386660099029541,0.0967,0.603,0,0,0,2,0
971,551702,1,rule_based_agent_0,rule_based_agent,0,400,2,2,0,1,32,18,237,7,262,0.11971306800842285,0.4569,1.8408,0,1,0,3,0
971,551702,2,rule_based_agent_1,rule_based_agent,0,400,1,1,0,1,14,10,99,5,114,0.03206586837768555,0.2813,0.818,0,1,0,4,0
971,551702,3,rule_based_agent_2,rule_based_agent,0,400,7,2,1,1,31,23,263,10,298,0.13484501838684082,0.4525,1.8542,0,1,0,1,1
972,551703,0,benedict_task4,benedict_task4,0,245,7,2,1,1,33,25,190,8,237,0.0188140869140625,0.0794,0.5579,0,1,0,1,1
972,551703,1,rule_based_agent_0,rule_based_agent,1,245,3,3,0,0,37,23,205,8,245,0.10331487655639648,0.4217,1.8351,0,0,0,3,0
972,551703,2,rule_based_agent_1,rule_based_agent,0,245,7,2,1,0,30,14,162,6,182,0.0645451545715332,0.3546,1.8492,0,1,1,1,1
972,551703,3,rule_based_agent_2,rule_based_agent,0,245,2,2,0,1,16,12,129,5,146,0.04904770851135254,0.3359,1.6849,0,1,0,4,0
973,551704,0,benedict_task4,benedict_task4,0,400,2,2,0,1,21,9,50,3,72,0.0023856163024902344,0.0331,0.1302,0,1,0,2,0
973,551704,1,rule_based_agent_0,rule_based_agent,0,400,2,2,0,1,26,9,77,3,89,0.02121734619140625,0.2384,0.5939,0,1,0,2,0
973,551704,2,rule_based_agent_1,rule_based_agent,1,400,3,3,0,0,34,37,347,16,400,0.1712188720703125,0.428,2.1291,0,0,0,1,1
973,551704,3,rule_based_agent_2,rule_based_agent,1,400,2,2,0,0,42,39,353,8,400,0.17125201225280762,0.4281,1.791,0,0,0,2,0
974,551705,0,benedict_task4,benedict_task4,0,298,2,2,0,1,20,8,52,0,65,0.0018765926361083984,0.0289,0.0701,0,1,0,3,0
974,551705,1,rule_based_agent_0,rule_based_agent,0,298,8,3,1,1,39,25,241,7,273,0.14120697975158691,0.5172,2.0459,0,1,0,1,1
974,551705,2,rule_based_agent_1,rule_based_agent,0,298,0,0,0,0,35,9,87,2,98,0.03917694091796875,0.3998,2.0599,0,1,1,4,0
974,551705,3,rule_based_agent_2,rule_based_agent,1,298,4,4,0,0,28,23,264,7,298,0.13832950592041016,0.4642,2.0769,0,0,0,2,0
975,551706,0,benedict_task4,benedict_task4,1,400,4,4,0,0,42,47,316,8,400,0.04076695442199707,0.1019,0.52,0,0,0,2,0
975,551706,1,rule_based_agent_0,rule_based_agent,1,400,2,2,0,0,26,29,342,20,400,0.19655299186706543,0.4914,1.9631,0,0,0,3,0
975,551706,2,rule_based_agent_1,rule_based_agent,0,400,2,2,0,0,26,22,175,12,209,0.07831573486328125,0.3747,1.945,0,1,1,3,0
975,551706,3,rule_based_agent_2,rule_based_agent,0,400,6,1,1,1,26,20,221,8,249,0.08776497840881348,0.3525,1.801,0,1,0,1,1
976,551707,0,benedict_task4,benedict_task4,1,400,6,6,0,0,45,47,315,6,400,0.03802633285522461,0.0951,0.5713,0,0,0,1,1
976,551707,1,rule_based_agent_0,rule_based_agent,0,400,2,2,0,0,19,6,42,2,50,0.009681463241577148,0.1936,0.4561,0,1,1,3,0
976,551707,2,rule_based_agent_1,rule_based_agent,0,400,0,0,0,1,30,22,219,9,250,0.09849929809570312,0.394,1.6999,0,1,0,4,0
976,551707,3,rule_based_agent_2,rule_based_agent,1,400,6,1,1,0,30,32,350,9,400,0.19267678260803223,0.4817,2.7168,0,0,0,1,1
977,551708,0,benedict_task4,benedict_task4,1,400,7,2,1,0,40,38,329,4,400,0.04566073417663574,0.1142,0.6649,0,0,0,1,1
977,551708,1,rule_based_agent_0,rule_based_agent,0,400,3,3,0,0,18,30,325,15,371,0.1986861228942871,0.5355,2.1119,0,1,1,2,0
977,551708,2,rule_based_agent_1,rule_based_agent,0,400,1,1,0,1,22,15,113,6,134,0.040697574615478516,0.3037,1.9579,0,1,0,4,0
977,551708,3,rule_based_agent_2,rule_based_agent,1,400,3,3,0,0,40,30,353,14,400,0.1643979549407959,0.411,1.7931,0,0,0,2,0
978,551709,0,benedict_task4,benedict_task4,0,228,5,5,0,1,43,24,177,3,224,0.009230375289916992,0.0412,0.2198,0,1,0,2,0
978,551709,1,rule_based_agent_0,rule_based_agent,0,228,3,3,0,1,33,20,169,10,199,0.06954407691955566,0.3495,1.7591,0,1,0,3,0
978,551709,2,rule_based_agent_1,rule_based_agent,0,228,0,0,0,1,25,7,57,4,68,0.014498710632324219,0.2132,0.577,0,1,0,4,0
978,551709,3,rule_based_agent_2,rule_based_agent,1,228,6,1,1,0,27,21,199,3,228,0.06001543998718262,0.2632,1.725,0,0,0,1,1
979,551710,0,benedict_task4,benedict_task4,0,236,13,3,2,1,40,27,186,1,232,0.010868549346923828,0.0468,0.3939,0,1,0,1,1
979,551710,1,rule_based_agent_0,rule_based_agent,0,236,2,2,0,0,32,9,94,1,104,0.029462337493896484,0.2833,1.9629,0,1,1,4,0
979,551710,2,rule_based_agent_1,rule_based_agent,1,236,5,0,1,0,25,23,201,8,236,0.07628107070922852,0.3232,2.8992,0,0,0,2,0
979,551710,3,rule_based_agent_2,rule_based_agent,0,236,4,4,0,0,28,19,191,6,216,0.05876755714416504,0.2721,1.7242,0,1,1,3,0
980,551711,0,benedict_task4,benedict_task4,0,400,3,3,0,1,42,22,155,2,197,0.009515762329101562,0.0483,0.4473,0,1,0,2,0
980,551711,1,rule_based_agent_0,rule_based_agent,0,400,2,2,0,1,36,11,103,2,116,0.03380775451660156,0.2914,1.1199,0,1,0,3,0
980,551711,2,rule_based_agent_1,rule_based_agent,1,400,8,3,1,0,26,18,377,5,400,0.22905492782592773,0.5726,2.039,0,0,0,1,1
980,551711,3,rule_based_agent_2,rule_based_agent,1,400,1,1,0,0,29,21,366,12,400,0.21477508544921875,0.5369,2.3661,0,0,0,4,0
981,551712,0,benedict_task4,benedict_task4,0,400,1,1,0,1,32,16,103,2,138,0.00440669059753418,0.0319,0.15,0,1,0,3,0
981,551712,1,rule_based_agent_0,rule_based_agent,1,400,2,2,0,0,37,20,378,2,400,0.21708393096923828,0.5427,2.794,0,0,0,2,0
981,551712,2,rule_based_agent_1,rule_based_agent,1,400,1,1,0,0,33,18,379,3,400,0.2125868797302246,0.5315,1.802,0,0,0,3,0
981,551712,3,rule_based_agent_2,rule_based_agent,0,400,5,5,0,1,18,10,83,5,98,0.03183341026306152,0.3248,4.2241,0,1,0,1,1
982,551713,0,benedict_task4,benedict_task4,0,258,9,4,1,1,33,26,195,10,254,0.011873483657836914,0.0467,0.2911,0,1,0,1,1
982,551713,1,rule_based_agent_0,rule_based_agent,1,258,3,3,0,0,26,18,231,4,258,0.10045242309570312,0.3894,2.6779,0,0,0,2,0
982,551713,2,rule_based_agent_1,rule_based_agent,0,258,1,1,0,1,35,12,105,4,121,0.03513598442077637,0.2904,2.0058,0,1,0,3,0
982,551713,3,rule_based_agent_2,rule_based_agent,0,258,1,1,0,0,27,11,116,3,130,0.03562521934509277,0.274,1.0939,0,1,1,3,0
983,551714,0,benedict_task4,benedict_task4,0,306,8,3,1,1,44,36,233,4,302,0.021599769592285156,0.0715,0.6161,0,1,0,2,0
983,551714,1,rule_based_agent_0,rule_based_agent,1,306,13,3,2,0,30,27,261,8,306,0.1368706226348877,0.4473,2.2821,0,0,0,1,1
983,551714,2,rule_based_agent_1,rule_based_agent,0,306,0,0,0,0,16,15,115,6,136,0.04814481735229492,0.354,2.238,0,1,1,4,0
983,551714,3,rule_based_agent_2,rule_based_agent,0,306,3,3,0,0,32,19,225,5,249,0.09323668479919434,0.3744,2.233,0,1,1,3,0
984,551715,0,benedict_task4,benedict_task4,0,229,1,1,0,1,31,8,44,1,62,0.0014719963073730469,0.0237,0.067,0,1,0,3,0
984,551715,1,rule_based_agent_0,rule_based_agent,0,229,0,0,0,1,19,5,36,2,43,0.007298469543457031,0.1697,0.3059,0,1,0,4,0
984,551715,2,rule_based_agent_1,rule_based_agent,0,229,2,2,0,1,43,15,141,2,158,0.047524213790893555,0.3008,1.9121,0,1,0,2,0
984,551715,3,rule_based_agent_2,rule_based_agent,1,229,6,6,0,0,36,17,209,3,229,0.08489203453063965,0.3707,2.033,0,0,0,1,1
985,551716,0,benedict_task4,benedict_task4,1,400,6,1,1,0,30,44,326,6,400,0.03804206848144531,0.0951,0.551,0,0,0,2,0
985,551716,1,rule_based_agent_0,rule_based_agent,0,400,3,3,0,1,30,11,104,4,119,0.027875185012817383,0.2342,0.8459,0,1,0,3,0
985,551716,2,rule_based_agent_1,rule_based_agent,0,400,3,3,0,0,34,20,199,8,228,0.07750606536865234,0.3399,1.9193,0,1,1,3,0
985,551716,3,rule_based_agent_2,rule_based_agent,1,400,7,2,1,0,26,35,347,10,400,0.16770315170288086,0.4193,1.9522,0,0,0,1,1
986,551717,0,benedict_task4,benedict_task4,1,400,1,1,0,0,36,47,320,6,400,0.03678727149963379,0.092,0.4008,0,0,0,3,0
986,551717,1,rule_based_agent_0,rule_based_agent,0,400,4,4,0,1,27,9,81,4,94,0.02054762840270996,0.2186,0.931,0,1,0,2,0
986,551717,2,rule_based_agent_1,rule_based_agent,0,400,1,1,0,0,24,19,202,8,229,0.07710003852844238,0.3367,1.471,0,1,1,3,0
986,551717,3,rule_based_agent_2,rule_based_agent,1,400,8,3,1,0,27,35,347,11,400,0.1612710952758789,0.4032,1.6341,0,0,0,1,1
987,551718,0,benedict_task4,benedict_task4,0,393,3,3,0,1,18,19,122,4,156,0.004792690277099609,0.0307,0.1123,0,1,0,2,0
987,551718,1,rule_based_agent_0,rule_based_agent,0,393,1,1,0,1,46,35,327,14,376,0.12950468063354492,0.3444,1.3041,0,1,0,3,0
987,551718,2,rule_based_agent_1,rule_based_agent,1,393,9,4,1,0,32,36,342,11,393,0.15263748168945312,0.3884,1.7841,0,0,0,1,1
987,551718,3,rule_based_agent_2,rule_based_agent,0,393,1,1,0,1,26,8,72,2,82,0.019294023513793945,0.2353,0.9983,0,1,0,3,0
988,551719,0,benedict_task4,benedict_task4,0,377,3,3,0,1,50,43,293,7,373,0.024173259735107422,0.0648,0.2928,0,1,0,2,0
988,551719,1,rule_based_agent_0,rule_based_agent,0,377,2,2,0,1,19,6,69,4,79,0.016347408294677734,0.2069,0.8569,0,1,0,3,0
988,551719,2,rule_based_agent_1,rule_based_agent,1,377,0,0,0,0,27,27,331,8,377,0.12897658348083496,0.3421,0.9692,0,0,0,4,0
988,551719,3,rule_based_agent_2,rule_based_agent,0,377,4,4,0,1,30,19,181,8,208,0.06104326248168945,0.2935,0.8349,0,1,0,1,1
989,551720,0,benedict_task4,benedict_task4,0,367,2,2,0,1,39,38,278,7,359,0.019961833953857422,0.0556,0.2298,0,1,0,3,0
989,551720,1,rule_based_agent_0,rule_based_agent,0,367,1,1,0,1,32,17,169,7,193,0.04663515090942383,0.2416,0.7942,0,1,0,4,0
989,551720,2,rule_based_agent_1,rule_based_agent,0,367,3,3,0,1,37,14,111,10,135,0.027541399002075195,0.204,0.7639,0,1,0,1,1
989,551720,3,rule_based_agent_2,rule_based_agent,1,367,3,3,0,0,17,24,321,12,367,0.09640264511108398,0.2627,0.7732,0,0,0,1,1
990,551721,0,benedict_task4,benedict_task4,1,400,3,3,0,0,38,48,319,5,400,0.028913497924804688,0.0723,0.3591,0,0,0,2,0
990,551721,1,rule_based_agent_0,rule_based_agent,0,400,2,2,0,0,24,8,60,2,70,0.012010335922241211,0.1716,0.3934,0,1,1,4,0
990,551721,2,rule_based_agent_1,rule_based_agent,0,400,6,1,1,1,31,18,147,7,172,0.03619647026062012,0.2104,0.5629,0,1,0,1,1
990,551721,3,rule_based_agent_2,rule_based_agent,1,400,3,3,0,0,27,30,353,8,400,0.1216437816619873,0.3041,1.1101,0,0,0,2,0
991,551722,0,benedict_task4,benedict_task4,0,217,8,3,1,1,41,20,155,2,195,0.008079767227172852,0.0414,0.212,0,1,0,1,1
991,551722,1,rule_based_agent_0,rule_based_agent,0,217,2,2,0,0,21,9,55,7,71,0.011370658874511719,0.1602,0.3459,0,1,1,3,0
991,551722,2,rule_based_agent_1,rule_based_agent,1,217,0,0,0,0,28,17,190,5,217,0.07620096206665039,0.3512,0.844,0,0,0,4,0
991,551722,3,rule_based_agent_2,rule_based_agent,0,217,4,4,0,1,35,18,187,8,213,0.058821916580200195,0.2762,0.782,0,1,0,2,0
992,551723,0,benedict_task4,benedict_task4,0,400,1,1,0,1,37,15,97,3,129,0.0035288333892822266,0.0274,0.1042,0,1,0,4,0
992,551723,1,rule_based_agent_0,rule_based_agent,0,400,4,4,0,1,23,17,174,8,199,0.0451962947845459,0.2271,0.802,0,1,0,1,1
992,551723,2,rule_based_agent_1,rule_based_agent,1,400,2,2,0,0,27,31,359,9,400,0.13388609886169434,0.3347,0.7691,0,0,0,2,0
992,551723,3,rule_based_agent_2,rule_based_agent,1,400,2,2,0,0,39,35,356,9,400,0.1271054744720459,0.3178,0.7908,0,0,0,2,0
993,551724,0,benedict_task4,benedict_task4,0,400,6,6,0,1,45,44,308,10,393,0.025665283203125,0.0653,0.2561,0,1,0,1,1
993,551724,1,rule_based_agent_0,rule_based_agent,1,400,2,2,0,0,38,34,353,3,400,0.1237483024597168,0.3094,0.7989,0,0,0,2,0
993,551724,2,rule_based_agent_1,rule_based_agent,0,400,1,1,0,1,23,9,77,1,87,0.018435001373291016,0.2119,0.653,0,1,0,3,0
993,551724,3,rule_based_agent_2,rule_based_agent,0,400,0,0,0,1,28,8,57,2,67,0.010926961898803711,0.1631,0.2949,0,1,0,4,0
994,551725,0,benedict_task4,benedict_task4,1,400,4,4,0,0,27,45,313,9,400,0.03240156173706055,0.081,0.2911,0,0,0,2,0
994,551725,1,rule_based_agent_0,rule_based_agent,0,400,2,2,0,1,26,27,275,14,317,0.0945281982421875,0.2982,0.6838,0,1,0,3,0
994,551725,2,rule_based_agent_1,rule_based_agent,0,400,1,1,0,0,30,25,216,11,252,0.07072830200195312,0.2807,0.7789,0,1,1,4,0
994,551725,3,rule_based_agent_2,rule_based_agent,1,400,7,2,1,0,35,41,334,22,400,0.13323688507080078,0.3331,0.948,0,0,0,1,1
995,551726,0,benedict_task4,benedict_task4,0,204,1,1,0,1,27,23,160,4,200,0.008038043975830078,0.0402,0.2759,0,1,0,4,0
995,551726,1,rule_based_agent_0,rule_based_agent,0,204,2,2,0,1,38,18,171,6,195,0.05664205551147461,0.2905,0.983,0,1,0,2,0
995,551726,2,rule_based_agent_1,rule_based_agent,1,204,4,4,0,0,37,15,181,4,204,0.04791855812072754,0.2349,0.7272,0,0,0,1,1
995,551726,3,rule_based_agent_2,rule_based_agent,0,204,2,2,0,1,32,13,125,7,145,0.0393986701965332,0.2717,0.8271,0,1,0,2,0
996,551727,0,benedict_task4,benedict_task4,0,262,2,2,0,1,34,28,204,6,258,0.015874624252319336,0.0615,0.282,0,1,0,4,0
996,551727,1,rule_based_agent_0,rule_based_agent,0,262,3,3,0,1,44,16,129,7,152,0.03548741340637207,0.2335,0.7751,0,1,0,2,0
996,551727,2,rule_based_agent_1,rule_based_agent,1,262,6,1,1,0,19,21,227,9,262,0.07397699356079102,0.2824,0.8111,0,0,0,1,1
996,551727,3,rule_based_agent_2,rule_based_agent,0,262,3,3,0,0,26,22,211,8,242,0.07368063926696777,0.3045,0.7701,0,1,1,2,0
997,551728,0,benedict_task4,benedict_task4,1,400,3,3,0,0,39,46,294,20,400,0.027074813842773438,0.0677,0.241,0,0,0,2,0
997,551728,1,rule_based_agent_0,rule_based_agent,0,400,1,1,0,1,23,15,151,4,170,0.03465461730957031,0.2039,0.591,0,1,0,4,0
997,551728,2,rule_based_agent_1,rule_based_agent,0,400,2,2,0,0,27,10,103,5,118,0.026729106903076172,0.2265,0.8352,0,1,1,3,0
997,551728,3,rule_based_agent_2,rule_based_agent,0,400,8,3,1,1,33,27,301,8,344,0.09923672676086426,0.2885,0.8478,0,1,0,1,1
998,551729,0,benedict_task4,benedict_task4,1,400,3,3,0,0,38,49,313,8,400,0.0267183780670166,0.0668,0.2329,0,0,0,1,1
998,551729,1,rule_based_agent_0,rule_based_agent,1,400,3,3,0,0,44,21,354,10,400,0.1173696517944336,0.2934,0.6442,0,0,0,1,1
998,551729,2,rule_based_agent_1,rule_based_agent,0,400,1,1,0,1,11,5,35,3,43,0.006901979446411133,0.1605,0.4179,0,1,0,4,0
998,551729,3,rule_based_agent_2,rule_based_agent,0,400,2,2,0,1,39,10,89,3,102,0.01779460906982422,0.1745,0.484,0,1,0,3,0
999,551730,0,benedict_task4,benedict_task4,0,246,2,2,0,1,38,27,193,4,242,0.0053217411041259766,0.022,0.102,0,1,0,2,0
999,551730,1,rule_based_agent_0,rule_based_agent,0,246,2,2,0,1,38,14,131,7,152,0.030370712280273438,0.1998,0.7379,0,1,0,2,0
999,551730,2,rule_based_agent_1,rule_based_agent,1,246,2,2,0,0,35,18,221,3,246,0.05695176124572754,0.2315,0.7601,0,0,0,2,0
999,551730,3,rule_based_agent_2,rule_based_agent,0,246,3,3,0,1,26,7,91,4,102,0.021537065505981445,0.2111,0.653,0,1,0,1,1
